Date,Open,High,Low,Close,Adj Close,Volume
2020-07-27 04:00:00+00:00,3.815,3.887,3.767,3.87,3.87,96217.0
2020-07-28 04:00:00+00:00,3.873,3.873,3.808,3.842,3.842,22167.0
2020-07-29 04:00:00+00:00,3.853,3.986,3.853,3.962,3.962,62274.0
2020-07-30 04:00:00+00:00,3.928,3.928,3.836,3.894,3.894,22031.0
2020-07-31 04:00:00+00:00,3.846,3.89,3.805,3.89,3.89,38116.0
2020-08-03 04:00:00+00:00,3.887,3.908,3.832,3.856,3.856,52302.0
2020-08-04 04:00:00+00:00,3.853,3.904,3.846,3.863,3.863,17482.0
2020-08-05 04:00:00+00:00,3.873,3.932,3.853,3.911,3.911,47005.0
2020-08-06 04:00:00+00:00,3.932,3.949,3.877,3.887,3.887,24613.0
2020-08-07 04:00:00+00:00,3.897,3.932,3.801,3.918,3.918,59128.0
2020-08-10 04:00:00+00:00,3.884,3.884,3.784,3.86,3.86,36995.0
2020-08-11 04:00:00+00:00,4.007,4.079,3.914,3.918,3.918,91625.0
2020-08-12 04:00:00+00:00,3.997,4.202,3.99,4.137,4.137,151760.0
2020-08-13 04:00:00+00:00,4.106,4.213,4.099,4.154,4.154,171485.0
2020-08-14 04:00:00+00:00,4.147,4.295,4.086,4.24,4.24,33055.0
2020-08-17 04:00:00+00:00,4.243,4.336,4.171,4.285,4.285,25104.0
2020-08-18 04:00:00+00:00,4.312,4.37,4.226,4.267,4.267,47298.0
2020-08-19 04:00:00+00:00,4.278,4.291,4.199,4.199,4.199,30684.0
2020-08-20 04:00:00+00:00,4.168,4.278,4.168,4.267,4.267,62007.0
2020-08-21 04:00:00+00:00,4.254,4.291,4.25,4.261,4.261,75466.0
2020-08-24 04:00:00+00:00,4.216,4.291,4.175,4.281,4.281,46713.0
2020-08-25 04:00:00+00:00,4.252,4.315,4.099,4.185,4.185,31402.0
2020-08-26 04:00:00+00:00,4.189,4.189,3.977,4.044,4.044,45303.0
2020-08-27 04:00:00+00:00,3.962,3.962,3.776,3.791,3.791,63637.0
2020-08-28 04:00:00+00:00,3.787,3.924,3.779,3.924,3.924,30972.0
2020-08-31 04:00:00+00:00,3.936,3.951,3.854,3.939,3.939,83420.0
2020-09-01 04:00:00+00:00,3.898,3.906,3.858,3.876,3.876,21161.0
2020-09-02 04:00:00+00:00,3.831,3.831,3.724,3.776,3.776,18833.0
2020-09-03 04:00:00+00:00,3.831,3.936,3.817,3.858,3.858,28094.0
2020-09-04 04:00:00+00:00,3.88,3.895,3.757,3.895,3.895,22015.0
2020-09-08 04:00:00+00:00,3.872,3.924,3.843,3.902,3.902,81121.0
2020-09-09 04:00:00+00:00,3.928,4.04,3.921,3.98,3.98,169293.0
2020-09-10 04:00:00+00:00,3.965,4.006,3.932,3.991,3.991,97055.0
2020-09-11 04:00:00+00:00,4.07,4.404,4.07,4.296,4.296,166221.0
2020-09-14 04:00:00+00:00,4.322,4.393,4.218,4.386,4.386,30730.0
2020-09-15 04:00:00+00:00,4.352,4.352,4.148,4.17,4.17,32290.0
2020-09-16 04:00:00+00:00,4.185,4.319,4.181,4.259,4.259,50226.0
2020-09-17 04:00:00+00:00,4.218,4.311,4.215,4.244,4.244,36066.0
2020-09-18 04:00:00+00:00,4.2,4.256,4.177,4.2,4.2,21664.0
2020-09-21 04:00:00+00:00,4.099,4.099,3.965,4.029,4.029,29490.0
2020-09-22 04:00:00+00:00,4.077,4.077,3.854,3.854,3.854,51188.0
2020-09-23 04:00:00+00:00,3.813,3.869,3.709,3.731,3.731,44073.0
2020-09-24 04:00:00+00:00,3.727,3.783,3.638,3.738,3.738,29680.0
2020-09-25 04:00:00+00:00,3.768,3.88,3.746,3.817,3.817,23994.0
2020-09-28 04:00:00+00:00,3.876,3.88,3.735,3.798,3.798,37196.0
2020-09-29 04:00:00+00:00,3.787,3.831,3.761,3.828,3.828,10010.0
2020-09-30 04:00:00+00:00,3.865,3.924,3.824,3.835,3.835,14765.0
2020-10-01 04:00:00+00:00,3.869,3.884,3.787,3.869,3.869,20962.0
2020-10-02 04:00:00+00:00,3.772,3.869,3.772,3.865,3.865,58044.0
2020-10-05 04:00:00+00:00,3.921,4.014,3.921,3.969,3.969,18595.0
2020-10-06 04:00:00+00:00,4.025,4.04,3.924,3.936,3.936,25431.0
2020-10-07 04:00:00+00:00,3.965,3.965,3.846,3.898,3.898,42189.0
2020-10-08 04:00:00+00:00,3.943,4.036,3.943,4.006,4.006,28206.0
2020-10-09 04:00:00+00:00,4.077,4.077,3.991,3.991,3.991,18029.0
2020-10-12 04:00:00+00:00,3.958,3.958,3.738,3.854,3.854,70283.0
2020-10-13 04:00:00+00:00,3.858,3.858,3.776,3.828,3.828,43548.0
2020-10-14 04:00:00+00:00,3.869,3.98,3.869,3.917,3.917,24645.0
2020-10-15 04:00:00+00:00,3.898,3.924,3.828,3.898,3.898,39075.0
2020-10-16 04:00:00+00:00,3.898,3.906,3.831,3.846,3.846,24199.0
2020-10-19 04:00:00+00:00,3.839,3.858,3.772,3.772,3.772,32021.0
2020-10-20 04:00:00+00:00,3.765,3.802,3.72,3.802,3.802,52854.0
2020-10-21 04:00:00+00:00,3.772,3.805,3.66,3.738,3.738,62644.0
2020-10-22 04:00:00+00:00,3.727,3.824,3.727,3.82,3.82,37836.0
2020-10-23 04:00:00+00:00,3.824,3.839,3.727,3.753,3.753,55571.0
2020-10-26 04:00:00+00:00,3.735,3.735,3.66,3.701,3.701,50214.0
2020-10-27 04:00:00+00:00,3.698,3.757,3.668,3.709,3.709,56735.0
2020-10-28 04:00:00+00:00,3.66,3.668,3.512,3.545,3.545,77132.0
2020-10-29 04:00:00+00:00,3.497,3.683,3.37,3.683,3.683,57646.0
2020-10-30 04:00:00+00:00,3.579,3.593,3.508,3.575,3.575,26414.0
2020-11-02 05:00:00+00:00,3.608,3.698,3.608,3.638,3.638,21859.0
2020-11-03 05:00:00+00:00,3.66,3.69,3.627,3.649,3.649,46628.0
2020-11-04 05:00:00+00:00,3.645,3.653,3.519,3.608,3.608,29179.0
2020-11-05 05:00:00+00:00,3.597,3.817,3.597,3.753,3.753,50263.0
2020-11-06 05:00:00+00:00,3.712,3.824,3.69,3.716,3.716,23100.0
2020-11-09 05:00:00+00:00,3.854,3.924,3.779,3.843,3.843,98773.0
2020-11-10 05:00:00+00:00,3.906,4.192,3.884,4.159,4.159,145783.0
2020-11-11 05:00:00+00:00,4.151,4.151,3.995,4.036,4.036,154312.0
2020-11-12 05:00:00+00:00,4.025,4.032,3.787,3.82,3.82,138541.0
2020-11-13 05:00:00+00:00,3.858,3.962,3.846,3.939,3.939,140213.0
2020-11-16 05:00:00+00:00,4.066,4.136,3.973,4.092,4.092,288280.0
2020-11-17 05:00:00+00:00,4.001,4.059,3.92,4.044,4.044,214383.0
2020-11-18 05:00:00+00:00,4.055,4.055,3.905,3.905,3.905,57457.0
2020-11-19 05:00:00+00:00,3.885,4.02,3.824,4.005,4.005,176169.0
2020-11-20 05:00:00+00:00,3.951,3.997,3.92,3.951,3.951,184008.0
2020-11-23 05:00:00+00:00,3.993,4.132,3.974,4.09,4.09,201746.0
2020-11-24 05:00:00+00:00,4.132,4.183,4.078,4.167,4.167,219324.0
2020-11-25 05:00:00+00:00,4.117,4.171,4.071,4.136,4.136,203449.0
2020-11-27 05:00:00+00:00,4.144,4.167,4.071,4.082,4.082,128568.0
2020-11-30 05:00:00+00:00,4.032,4.032,3.932,3.959,3.959,31317.0
2020-12-01 05:00:00+00:00,4.001,4.032,3.905,3.936,3.936,34002.0
2020-12-02 05:00:00+00:00,3.932,4.04,3.932,3.997,3.997,29205.0
2020-12-03 05:00:00+00:00,4.024,4.102,4.017,4.063,4.063,46309.0
2020-12-04 05:00:00+00:00,4.117,4.279,4.117,4.275,4.275,65617.0
2020-12-07 05:00:00+00:00,4.272,4.272,4.136,4.144,4.144,35403.0
2020-12-08 05:00:00+00:00,4.132,4.183,4.121,4.129,4.129,18233.0
2020-12-09 05:00:00+00:00,4.163,4.194,4.105,4.129,4.129,61730.0
2020-12-10 05:00:00+00:00,4.14,4.376,4.125,4.36,4.36,23326.0
2020-12-11 05:00:00+00:00,4.318,4.318,4.233,4.291,4.291,27266.0
2020-12-14 05:00:00+00:00,4.31,4.318,4.144,4.175,4.175,37864.0
2020-12-15 05:00:00+00:00,4.202,4.268,4.19,4.229,4.229,38197.0
2020-12-16 05:00:00+00:00,4.194,4.217,4.171,4.175,4.175,11416.0
2020-12-17 05:00:00+00:00,4.171,4.183,4.132,4.16,4.16,11564.0
2020-12-18 05:00:00+00:00,4.148,4.171,4.109,4.121,4.121,21792.0
2020-12-21 05:00:00+00:00,4.078,4.082,4.009,4.078,4.078,21562.0
2020-12-22 05:00:00+00:00,4.071,4.071,3.97,3.993,3.993,27551.0
2020-12-23 05:00:00+00:00,4.024,4.194,4.024,4.144,4.144,10646.0
2020-12-24 05:00:00+00:00,4.086,4.148,4.063,4.144,4.144,3869.0
2020-12-28 05:00:00+00:00,4.179,4.179,4.063,4.063,4.063,15230.0
2020-12-29 05:00:00+00:00,4.048,4.055,3.993,4.055,4.055,19825.0
2020-12-30 05:00:00+00:00,4.113,4.148,4.04,4.04,4.04,11647.0
2020-12-31 05:00:00+00:00,4.044,4.067,4.024,4.044,4.044,41325.0
2021-01-04 05:00:00+00:00,4.071,4.206,4.063,4.171,4.171,20752.0
2021-01-05 05:00:00+00:00,4.225,4.225,4.098,4.132,4.132,48535.0
2021-01-06 05:00:00+00:00,4.148,4.198,4.086,4.125,4.125,39893.0
2021-01-07 05:00:00+00:00,4.094,4.26,4.094,4.198,4.198,20011.0
2021-01-08 05:00:00+00:00,4.314,4.43,4.279,4.43,4.43,58195.0
2021-01-11 05:00:00+00:00,4.337,4.364,4.233,4.275,4.275,47260.0
2021-01-12 05:00:00+00:00,4.364,4.565,4.364,4.472,4.472,25720.0
2021-01-13 05:00:00+00:00,4.496,4.511,4.438,4.476,4.476,15242.0
2021-01-14 05:00:00+00:00,4.472,4.53,4.472,4.484,4.484,41570.0
2021-01-15 05:00:00+00:00,4.48,4.48,4.364,4.395,4.395,66399.0
2021-01-19 05:00:00+00:00,4.372,4.372,4.233,4.26,4.26,97209.0
2021-01-20 05:00:00+00:00,4.272,4.272,4.148,4.221,4.221,24065.0
2021-01-21 05:00:00+00:00,4.295,4.31,4.221,4.244,4.244,26789.0
2021-01-22 05:00:00+00:00,4.21,4.256,4.102,4.252,4.252,66611.0
2021-01-25 05:00:00+00:00,4.295,4.295,4.017,4.152,4.152,47051.0
2021-01-26 05:00:00+00:00,4.179,4.225,4.136,4.183,4.183,30581.0
2021-01-27 05:00:00+00:00,4.109,4.167,4.055,4.105,4.105,19117.0
2021-01-28 05:00:00+00:00,4.109,4.121,4.067,4.098,4.098,17183.0
2021-01-29 05:00:00+00:00,4.063,4.194,4.048,4.144,4.144,42483.0
2021-02-01 05:00:00+00:00,4.171,4.19,4.098,4.156,4.156,18549.0
2021-02-02 05:00:00+00:00,4.163,4.202,4.117,4.183,4.183,18541.0
2021-02-03 05:00:00+00:00,4.225,4.31,4.217,4.283,4.283,16510.0
2021-02-04 05:00:00+00:00,4.356,4.356,4.217,4.333,4.333,17114.0
2021-02-05 05:00:00+00:00,4.426,4.619,4.426,4.619,4.619,51955.0
2021-02-08 05:00:00+00:00,4.689,4.774,4.635,4.754,4.754,206223.0
2021-02-09 05:00:00+00:00,4.287,4.604,4.256,4.604,4.604,156028.0
2021-02-10 05:00:00+00:00,4.557,4.696,4.553,4.635,4.635,64677.0
2021-02-11 05:00:00+00:00,4.565,4.577,4.403,4.507,4.507,64497.0
2021-02-12 05:00:00+00:00,4.426,4.623,4.407,4.608,4.608,142669.0
2021-02-16 05:00:00+00:00,4.72,4.851,4.7,4.812,4.812,128840.0
2021-02-17 05:00:00+00:00,4.853,4.884,4.642,4.642,4.642,109141.0
2021-02-18 05:00:00+00:00,4.572,4.58,4.401,4.409,4.409,69772.0
2021-02-19 05:00:00+00:00,4.416,4.541,4.416,4.537,4.537,38379.0
2021-02-22 05:00:00+00:00,4.502,4.568,4.448,4.451,4.451,48930.0
2021-02-23 05:00:00+00:00,4.409,4.42,4.229,4.37,4.37,48429.0
2021-02-24 05:00:00+00:00,4.416,4.529,4.416,4.459,4.459,52122.0
2021-02-25 05:00:00+00:00,4.518,4.576,4.475,4.506,4.506,72250.0
2021-02-26 05:00:00+00:00,4.479,4.479,4.331,4.354,4.354,26985.0
2021-03-01 05:00:00+00:00,4.416,4.51,4.401,4.459,4.459,47123.0
2021-03-02 05:00:00+00:00,4.486,4.642,4.467,4.475,4.475,61108.0
2021-03-03 05:00:00+00:00,4.525,4.705,4.525,4.584,4.584,73203.0
2021-03-04 05:00:00+00:00,4.596,4.642,4.44,4.44,4.44,66915.0
2021-03-05 05:00:00+00:00,4.463,4.471,4.307,4.448,4.448,131021.0
2021-03-08 05:00:00+00:00,4.455,4.471,4.342,4.448,4.448,59113.0
2021-03-09 05:00:00+00:00,4.486,4.506,4.432,4.444,4.444,54270.0
2021-03-10 05:00:00+00:00,4.471,4.775,4.463,4.759,4.759,109376.0
2021-03-11 05:00:00+00:00,4.798,4.962,4.782,4.821,4.821,47257.0
2021-03-12 05:00:00+00:00,4.814,4.88,4.779,4.864,4.864,60455.0
2021-03-15 04:00:00+00:00,4.892,5.156,4.892,5.133,5.133,45142.0
2021-03-16 04:00:00+00:00,5.117,5.117,4.923,4.938,4.938,51172.0
2021-03-17 04:00:00+00:00,4.899,4.927,4.802,4.923,4.923,88743.0
2021-03-18 04:00:00+00:00,4.915,5.125,4.86,4.892,4.892,61689.0
2021-03-19 04:00:00+00:00,4.876,5.024,4.833,5.012,5.012,41644.0
2021-03-22 04:00:00+00:00,4.993,5.012,4.915,4.93,4.93,41363.0
2021-03-23 04:00:00+00:00,4.872,4.892,4.631,4.708,4.708,104654.0
2021-03-24 04:00:00+00:00,4.728,4.919,4.728,4.759,4.759,93388.0
2021-03-25 04:00:00+00:00,4.693,4.79,4.588,4.755,4.755,118413.0
2021-03-26 04:00:00+00:00,4.892,5.125,4.872,5.067,5.067,113094.0
2021-03-29 04:00:00+00:00,5.047,5.047,4.705,4.767,4.767,222886.0
2021-03-30 04:00:00+00:00,4.767,4.767,4.549,4.576,4.576,157093.0
2021-03-31 04:00:00+00:00,4.603,4.689,4.592,4.634,4.634,55097.0
2021-04-01 04:00:00+00:00,4.627,4.747,4.572,4.712,4.712,50490.0
2021-04-05 04:00:00+00:00,4.744,4.751,4.681,4.732,4.732,41455.0
2021-04-06 04:00:00+00:00,4.802,4.864,4.771,4.802,4.802,53998.0
2021-04-07 04:00:00+00:00,4.845,4.954,4.829,4.868,4.868,39289.0
2021-04-08 04:00:00+00:00,4.853,4.884,4.794,4.864,4.864,47264.0
2021-04-09 04:00:00+00:00,4.837,4.853,4.712,4.72,4.72,59478.0
2021-04-12 04:00:00+00:00,4.681,4.681,4.424,4.424,4.424,134030.0
2021-04-13 04:00:00+00:00,4.432,4.436,4.323,4.401,4.401,50269.0
2021-04-14 04:00:00+00:00,4.432,4.588,4.432,4.506,4.506,198106.0
2021-04-15 04:00:00+00:00,4.522,4.549,4.381,4.479,4.479,51203.0
2021-04-16 04:00:00+00:00,4.467,4.557,4.432,4.557,4.557,30500.0
2021-04-20 04:00:00+00:00,4.708,4.708,4.572,4.627,4.627,50061.0
2021-04-21 04:00:00+00:00,4.596,4.673,4.584,4.662,4.662,49096.0
2021-04-22 04:00:00+00:00,4.658,4.673,4.533,4.56,4.56,50102.0
2021-04-23 04:00:00+00:00,4.557,4.611,4.525,4.545,4.545,28686.0
2021-04-26 04:00:00+00:00,4.522,4.533,4.479,4.49,4.49,46422.0
2021-04-27 04:00:00+00:00,4.549,4.568,4.428,4.479,4.479,47938.0
2021-04-28 04:00:00+00:00,4.51,4.681,4.502,4.67,4.67,103883.0
2021-04-29 04:00:00+00:00,4.744,4.744,4.619,4.654,4.654,28961.0
2021-04-30 04:00:00+00:00,4.603,4.697,4.58,4.592,4.592,27143.0
2021-05-03 04:00:00+00:00,4.705,4.806,4.689,4.779,4.779,43481.0
2021-05-04 04:00:00+00:00,4.806,4.868,4.693,4.693,4.693,52724.0
2021-05-05 04:00:00+00:00,4.759,4.767,4.518,4.58,4.58,76882.0
2021-05-06 04:00:00+00:00,4.596,4.603,4.451,4.537,4.537,73456.0
2021-05-07 04:00:00+00:00,4.494,4.646,4.494,4.592,4.592,75846.0
2021-05-10 04:00:00+00:00,4.634,4.689,4.537,4.537,4.537,16145.0
2021-05-11 04:00:00+00:00,4.494,4.596,4.455,4.572,4.572,67781.0
2021-05-12 04:00:00+00:00,4.572,4.572,4.471,4.506,4.506,41031.0
2021-05-13 04:00:00+00:00,4.486,4.545,4.455,4.51,4.51,14473.0
2021-05-14 04:00:00+00:00,4.518,4.549,4.49,4.537,4.537,64064.0
2021-05-17 04:00:00+00:00,4.541,4.623,4.494,4.592,4.592,23481.0
2021-05-18 04:00:00+00:00,4.626,4.728,4.618,4.712,4.712,66171.0
2021-05-19 04:00:00+00:00,4.587,4.728,4.587,4.638,4.638,34931.0
2021-05-20 04:00:00+00:00,4.587,4.771,4.587,4.763,4.763,42716.0
2021-05-21 04:00:00+00:00,4.822,4.991,4.822,4.932,4.932,71138.0
2021-05-24 04:00:00+00:00,4.94,4.94,4.834,4.873,4.873,55451.0
2021-05-25 04:00:00+00:00,4.987,4.987,4.854,4.897,4.897,56842.0
2021-05-26 04:00:00+00:00,4.869,4.885,4.85,4.857,4.857,33899.0
2021-05-27 04:00:00+00:00,4.854,4.854,4.779,4.826,4.826,23548.0
2021-05-28 04:00:00+00:00,4.861,5.014,4.834,5.014,5.014,173158.0
2021-06-01 04:00:00+00:00,5.034,5.183,5.034,5.14,5.14,55862.0
2021-06-02 04:00:00+00:00,5.14,5.144,4.959,4.983,4.983,77060.0
2021-06-03 04:00:00+00:00,4.905,4.908,4.861,4.881,4.881,18497.0
2021-06-04 04:00:00+00:00,4.901,4.901,4.807,4.818,4.818,19910.0
2021-06-07 04:00:00+00:00,4.799,4.928,4.799,4.92,4.92,27110.0
2021-06-08 04:00:00+00:00,4.885,4.979,4.885,4.975,4.975,53053.0
2021-06-09 04:00:00+00:00,4.987,5.01,4.944,4.995,4.995,26967.0
2021-06-10 04:00:00+00:00,5.003,5.093,5.003,5.085,5.085,31023.0
2021-06-11 04:00:00+00:00,5.104,5.171,5.069,5.101,5.101,44287.0
2021-06-14 04:00:00+00:00,5.108,5.108,5.014,5.046,5.046,57150.0
2021-06-15 04:00:00+00:00,5.073,5.073,4.94,5.018,5.018,17575.0
2021-06-16 04:00:00+00:00,5.026,5.14,5.026,5.112,5.112,19527.0
2021-06-17 04:00:00+00:00,5.057,5.155,4.936,5.006,5.006,116199.0
2021-06-18 04:00:00+00:00,4.916,4.995,4.846,4.971,4.971,25669.0
2021-06-21 04:00:00+00:00,4.983,5.097,4.983,5.069,5.069,59776.0
2021-06-22 04:00:00+00:00,5.061,5.097,5.014,5.097,5.097,29657.0
2021-06-23 04:00:00+00:00,5.136,5.269,5.136,5.226,5.226,42992.0
2021-06-24 04:00:00+00:00,5.253,5.344,5.234,5.304,5.304,57583.0
2021-06-25 04:00:00+00:00,5.348,5.359,5.234,5.234,5.234,50976.0
2021-06-28 04:00:00+00:00,5.238,5.238,5.05,5.104,5.104,50318.0
2021-06-29 04:00:00+00:00,5.104,5.171,5.046,5.046,5.046,85465.0
2021-06-30 04:00:00+00:00,5.042,5.163,5.042,5.093,5.093,25652.0
2021-07-01 04:00:00+00:00,5.112,5.148,4.897,4.932,4.932,64092.0
2021-07-02 04:00:00+00:00,5.01,5.152,5.01,5.152,5.152,39959.0
2021-07-06 04:00:00+00:00,5.159,5.238,5.05,5.093,5.093,28510.0
2021-07-07 04:00:00+00:00,5.104,5.112,4.912,4.944,4.944,47767.0
2021-07-08 04:00:00+00:00,4.799,4.905,4.759,4.885,4.885,48974.0
2021-07-09 04:00:00+00:00,4.873,4.948,4.865,4.936,4.936,44855.0
2021-07-12 04:00:00+00:00,4.877,4.905,4.807,4.842,4.842,62076.0
2021-07-13 04:00:00+00:00,4.838,4.869,4.622,4.669,4.669,110153.0
2021-07-14 04:00:00+00:00,4.763,4.857,4.63,4.63,4.63,42098.0
2021-07-15 04:00:00+00:00,4.603,4.697,4.571,4.61,4.61,26088.0
2021-07-16 04:00:00+00:00,4.634,4.646,4.505,4.532,4.532,67992.0
2021-07-19 04:00:00+00:00,4.422,4.512,4.403,4.469,4.469,76050.0
2021-07-20 04:00:00+00:00,4.469,4.509,4.375,4.505,4.505,80413.0
2021-07-21 04:00:00+00:00,4.595,4.673,4.579,4.654,4.654,35926.0
2021-07-22 04:00:00+00:00,4.614,4.618,4.532,4.579,4.579,23072.0
2021-07-23 04:00:00+00:00,4.595,4.61,4.469,4.528,4.528,60437.0
2021-07-26 04:00:00+00:00,4.571,4.661,4.548,4.567,4.567,12718.0
2021-07-27 04:00:00+00:00,4.509,4.509,4.399,4.481,4.481,37365.0
2021-07-28 04:00:00+00:00,4.501,4.54,4.454,4.505,4.505,18871.0
2021-07-29 04:00:00+00:00,4.563,4.571,4.524,4.544,4.544,6644.0
2021-07-30 04:00:00+00:00,4.493,4.552,4.462,4.552,4.552,22753.0
2021-08-02 04:00:00+00:00,4.548,4.642,4.509,4.524,4.524,12067.0
2021-08-03 04:00:00+00:00,4.493,4.509,4.395,4.493,4.493,75590.0
2021-08-04 04:00:00+00:00,4.407,4.407,4.297,4.328,4.328,124444.0
2021-08-05 04:00:00+00:00,4.367,4.391,4.254,4.269,4.269,59653.0
2021-08-06 04:00:00+00:00,4.305,4.348,4.265,4.305,4.305,69115.0
2021-08-09 04:00:00+00:00,4.289,4.289,4.152,4.179,4.179,83776.0
2021-08-10 04:00:00+00:00,4.124,4.273,4.101,4.269,4.269,25383.0
2021-08-11 04:00:00+00:00,4.493,4.587,4.43,4.536,4.536,104977.0
2021-08-12 04:00:00+00:00,4.556,4.556,4.324,4.364,4.364,90061.0
2021-08-13 04:00:00+00:00,4.313,4.316,4.203,4.234,4.234,83460.0
2021-08-16 04:00:00+00:00,4.156,4.273,4.124,4.242,4.242,78488.0
2021-08-17 04:00:00+00:00,4.211,4.379,4.211,4.352,4.352,100598.0
2021-08-18 04:00:00+00:00,4.336,4.395,4.269,4.301,4.301,44647.0
2021-08-19 04:00:00+00:00,4.281,4.305,4.167,4.218,4.218,29821.0
2021-08-20 04:00:00+00:00,4.21,4.21,4.155,4.187,4.187,17760.0
2021-08-23 04:00:00+00:00,4.226,4.297,4.191,4.289,4.289,67206.0
2021-08-24 04:00:00+00:00,4.309,4.336,4.269,4.273,4.273,40102.0
2021-08-25 04:00:00+00:00,4.25,4.324,4.218,4.297,4.297,172666.0
2021-08-26 04:00:00+00:00,4.34,4.34,4.258,4.281,4.281,19823.0
2021-08-27 04:00:00+00:00,4.285,4.399,4.265,4.317,4.317,84200.0
2021-08-30 04:00:00+00:00,4.324,4.348,4.234,4.25,4.25,30299.0
2021-08-31 04:00:00+00:00,4.265,4.368,4.254,4.356,4.356,27068.0
2021-09-01 04:00:00+00:00,4.431,4.568,4.431,4.545,4.545,38656.0
2021-09-02 04:00:00+00:00,4.557,4.639,4.541,4.58,4.58,37354.0
2021-09-03 04:00:00+00:00,4.517,4.604,4.478,4.58,4.58,101778.0
2021-09-07 04:00:00+00:00,4.596,4.734,4.596,4.651,4.651,51461.0
2021-09-08 04:00:00+00:00,4.663,4.667,4.604,4.623,4.623,26535.0
2021-09-09 04:00:00+00:00,4.62,4.73,4.62,4.694,4.694,43039.0
2021-09-10 04:00:00+00:00,4.714,4.718,4.576,4.576,4.576,72216.0
2021-09-13 04:00:00+00:00,4.564,4.639,4.525,4.525,4.525,62790.0
2021-09-14 04:00:00+00:00,4.513,4.545,4.415,4.415,4.415,62797.0
2021-09-15 04:00:00+00:00,4.454,4.537,4.45,4.517,4.517,94983.0
2021-09-16 04:00:00+00:00,4.509,4.509,4.403,4.47,4.47,105596.0
2021-09-17 04:00:00+00:00,4.494,4.576,4.478,4.557,4.557,47770.0
2021-09-20 04:00:00+00:00,4.391,4.482,4.344,4.391,4.391,74058.0
2021-09-21 04:00:00+00:00,4.486,4.545,4.446,4.446,4.446,34878.0
2021-09-22 04:00:00+00:00,4.557,4.667,4.557,4.572,4.572,34824.0
2021-09-23 04:00:00+00:00,4.596,4.647,4.56,4.635,4.635,59316.0
2021-09-24 04:00:00+00:00,4.62,4.891,4.62,4.773,4.773,43038.0
2021-09-27 04:00:00+00:00,4.871,5.068,4.836,4.942,4.942,40173.0
2021-09-28 04:00:00+00:00,4.982,5.037,4.915,5.009,5.009,100291.0
2021-09-29 04:00:00+00:00,5.037,5.037,4.883,4.966,4.966,49115.0
2021-09-30 04:00:00+00:00,4.962,5.147,4.915,5.139,5.139,27963.0
2021-10-01 04:00:00+00:00,5.182,5.347,5.166,5.285,5.285,59045.0
2021-10-04 04:00:00+00:00,5.253,5.261,5.135,5.206,5.206,44987.0
2021-10-05 04:00:00+00:00,5.202,5.277,5.139,5.225,5.225,22068.0
2021-10-06 04:00:00+00:00,5.092,5.103,5.021,5.06,5.06,27052.0
2021-10-07 04:00:00+00:00,5.1,5.151,5.029,5.084,5.084,29955.0
2021-10-08 04:00:00+00:00,5.107,5.166,5.033,5.06,5.06,11209.0
2021-10-11 04:00:00+00:00,5.174,5.285,5.151,5.218,5.218,54868.0
2021-10-12 04:00:00+00:00,5.21,5.21,5.06,5.068,5.068,44893.0
2021-10-13 04:00:00+00:00,5.025,5.072,4.966,5.072,5.072,42864.0
2021-10-14 04:00:00+00:00,5.194,5.265,5.103,5.123,5.123,100360.0
2021-10-15 04:00:00+00:00,5.194,5.308,5.19,5.245,5.245,48728.0
2021-10-18 04:00:00+00:00,5.241,5.332,5.241,5.316,5.316,56414.0
2021-10-19 04:00:00+00:00,5.379,5.658,5.379,5.564,5.564,181343.0
2021-10-20 04:00:00+00:00,5.532,5.532,5.336,5.414,5.414,86319.0
2021-10-21 04:00:00+00:00,5.422,5.422,5.229,5.241,5.241,32743.0
2021-10-22 04:00:00+00:00,5.288,5.296,5.19,5.288,5.288,67059.0
2021-10-26 04:00:00+00:00,5.304,5.328,5.174,5.194,5.194,52094.0
2021-10-27 04:00:00+00:00,5.163,5.229,5.1,5.107,5.107,145212.0
2021-10-28 04:00:00+00:00,5.115,5.178,5.088,5.155,5.155,27274.0
2021-10-29 04:00:00+00:00,5.218,5.249,5.111,5.131,5.131,167343.0
2021-11-01 04:00:00+00:00,5.123,5.233,5.076,5.202,5.202,127918.0
2021-11-02 04:00:00+00:00,5.115,5.123,5.033,5.037,5.037,44819.0
2021-11-03 04:00:00+00:00,4.997,5.096,4.922,5.072,5.072,82054.0
2021-11-04 04:00:00+00:00,5.068,5.155,4.958,4.993,4.993,36646.0
2021-11-05 04:00:00+00:00,5.013,5.013,4.871,4.942,4.942,74365.0
2021-11-08 05:00:00+00:00,5.044,5.044,4.875,4.879,4.879,217337.0
2021-11-09 05:00:00+00:00,4.863,4.934,4.832,4.903,4.903,103581.0
2021-11-10 05:00:00+00:00,4.919,4.919,4.832,4.875,4.875,55322.0
2021-11-11 05:00:00+00:00,4.887,4.966,4.887,4.93,4.93,56489.0
2021-11-12 05:00:00+00:00,4.801,4.962,4.801,4.958,4.958,66465.0
2021-11-15 05:00:00+00:00,4.895,4.899,4.749,4.801,4.801,73461.0
2021-11-16 05:00:00+00:00,4.793,4.793,4.603,4.65,4.65,44801.0
2021-11-17 05:00:00+00:00,4.698,4.753,4.603,4.611,4.611,31610.0
2021-11-18 05:00:00+00:00,4.587,4.631,4.508,4.536,4.536,45449.0
2021-11-19 05:00:00+00:00,4.493,4.603,4.469,4.504,4.504,54159.0
2021-11-22 05:00:00+00:00,4.497,4.548,4.425,4.457,4.457,48690.0
2021-11-23 05:00:00+00:00,4.445,4.457,4.358,4.382,4.382,44977.0
2021-11-24 05:00:00+00:00,4.414,4.56,4.414,4.552,4.552,67690.0
2021-11-26 05:00:00+00:00,4.422,4.477,4.307,4.41,4.41,49169.0
2021-11-29 05:00:00+00:00,4.469,4.481,4.335,4.335,4.335,32124.0
2021-11-30 05:00:00+00:00,4.323,4.414,4.287,4.386,4.386,46737.0
2021-12-01 05:00:00+00:00,4.422,4.461,4.098,4.098,4.098,49277.0
2021-12-02 05:00:00+00:00,4.137,4.272,4.137,4.2,4.2,83093.0
2021-12-03 05:00:00+00:00,4.169,4.169,4.09,4.129,4.129,40095.0
2021-12-06 05:00:00+00:00,4.169,4.295,4.082,4.283,4.283,50903.0
2021-12-07 05:00:00+00:00,4.335,4.469,4.335,4.437,4.437,104088.0
2021-12-08 05:00:00+00:00,4.382,4.5,4.382,4.477,4.477,37407.0
2021-12-09 05:00:00+00:00,4.339,4.354,4.283,4.311,4.311,50777.0
2021-12-10 05:00:00+00:00,4.35,4.37,4.295,4.335,4.335,17385.0
2021-12-13 05:00:00+00:00,4.244,4.303,4.224,4.279,4.279,37110.0
2021-12-14 05:00:00+00:00,4.248,4.264,4.208,4.224,4.224,34967.0
2021-12-15 05:00:00+00:00,4.177,4.193,4.058,4.193,4.193,62716.0
2021-12-16 05:00:00+00:00,4.252,4.252,4.157,4.185,4.185,52330.0
2021-12-17 05:00:00+00:00,4.177,4.2,4.082,4.145,4.145,76115.0
2021-12-20 05:00:00+00:00,4.086,4.153,4.039,4.153,4.153,92309.0
2021-12-21 05:00:00+00:00,4.173,4.2,4.157,4.161,4.161,30431.0
2021-12-22 05:00:00+00:00,4.185,4.2,4.11,4.2,4.2,57997.0
2021-12-23 05:00:00+00:00,4.2,4.2,4.098,4.145,4.145,19224.0
2021-12-27 05:00:00+00:00,4.145,4.177,4.106,4.145,4.145,34229.0
2021-12-28 05:00:00+00:00,4.165,4.212,4.121,4.133,4.133,60404.0
2021-12-29 05:00:00+00:00,4.161,4.161,4.039,4.039,4.039,39974.0
2021-12-30 05:00:00+00:00,4.05,4.129,4.05,4.09,4.09,22743.0
2021-12-31 05:00:00+00:00,4.039,4.098,4.027,4.098,4.098,21361.0
2022-01-03 05:00:00+00:00,4.145,4.252,4.145,4.252,4.252,87247.0
2022-01-04 05:00:00+00:00,4.319,4.378,4.26,4.315,4.315,50470.0
2022-01-05 05:00:00+00:00,4.307,4.402,4.185,4.185,4.185,42080.0
2022-01-06 05:00:00+00:00,4.2,4.264,4.149,4.153,4.153,38185.0
2022-01-07 05:00:00+00:00,4.193,4.22,4.141,4.212,4.212,20026.0
2022-01-10 05:00:00+00:00,4.137,4.24,4.118,4.24,4.24,38592.0
2022-01-11 05:00:00+00:00,4.272,4.39,4.264,4.35,4.35,102580.0
2022-01-12 05:00:00+00:00,4.37,4.469,4.37,4.453,4.453,49369.0
2022-01-13 05:00:00+00:00,4.485,4.485,4.35,4.406,4.406,128080.0
2022-01-14 05:00:00+00:00,4.374,4.445,4.37,4.414,4.414,28247.0
2022-01-18 05:00:00+00:00,4.382,4.382,4.2,4.204,4.204,73019.0
2022-01-19 05:00:00+00:00,4.2,4.232,4.161,4.169,4.169,62088.0
2022-01-20 05:00:00+00:00,4.185,4.224,4.05,4.058,4.058,30628.0
2022-01-21 05:00:00+00:00,3.999,4.011,3.877,3.885,3.885,64683.0
2022-01-24 05:00:00+00:00,3.837,3.837,3.66,3.707,3.707,31751.0
2022-01-25 05:00:00+00:00,3.667,3.869,3.66,3.821,3.821,46871.0
2022-01-26 05:00:00+00:00,3.877,3.952,3.806,3.861,3.861,69125.0
2022-01-27 05:00:00+00:00,3.885,4.007,3.881,3.924,3.924,52916.0
2022-01-28 05:00:00+00:00,3.9,3.932,3.79,3.893,3.893,52302.0
2022-01-31 05:00:00+00:00,3.837,3.893,3.746,3.849,3.849,82675.0
2022-02-01 05:00:00+00:00,3.857,3.999,3.837,3.979,3.979,113584.0
2022-02-02 05:00:00+00:00,4.035,4.098,3.908,3.928,3.928,99569.0
2022-02-03 05:00:00+00:00,3.877,3.908,3.814,3.849,3.849,63656.0
2022-02-04 05:00:00+00:00,3.853,3.956,3.806,3.932,3.932,60808.0
2022-02-07 05:00:00+00:00,3.932,4.058,3.932,3.979,3.979,124758.0
2022-02-08 05:00:00+00:00,4.137,4.327,4.121,4.303,4.303,176766.0
2022-02-09 05:00:00+00:00,4.307,4.311,4.177,4.299,4.299,48624.0
2022-02-10 05:00:00+00:00,4.287,4.437,4.287,4.382,4.382,202885.0
2022-02-11 05:00:00+00:00,4.39,4.643,4.382,4.477,4.477,99440.0
2022-02-14 05:00:00+00:00,4.5,4.5,4.303,4.366,4.366,57830.0
2022-02-15 05:00:00+00:00,4.35,4.402,4.335,4.382,4.382,44354.0
2022-02-16 05:00:00+00:00,4.425,4.485,4.405,4.481,4.481,70065.0
2022-02-17 05:00:00+00:00,4.508,4.58,4.441,4.481,4.481,40095.0
2022-02-18 05:00:00+00:00,4.417,4.461,4.322,4.338,4.338,71062.0
2022-02-22 05:00:00+00:00,4.342,4.501,4.342,4.477,4.477,71099.0
2022-02-23 05:00:00+00:00,4.485,4.512,4.417,4.465,4.465,54039.0
2022-02-24 05:00:00+00:00,4.508,4.75,4.473,4.714,4.714,129237.0
2022-02-25 05:00:00+00:00,4.746,4.746,4.651,4.718,4.718,125679.0
2022-02-28 05:00:00+00:00,4.81,5.075,4.81,4.984,4.984,148531.0
2022-03-01 05:00:00+00:00,5.111,5.126,4.814,4.976,4.976,137371.0
2022-03-02 05:00:00+00:00,4.936,4.956,4.817,4.869,4.869,79000.0
2022-03-03 05:00:00+00:00,4.897,4.988,4.782,4.905,4.905,58509.0
2022-03-04 05:00:00+00:00,4.833,4.857,4.643,4.857,4.857,133375.0
2022-03-07 05:00:00+00:00,4.873,5.055,4.853,4.905,4.905,233910.0
2022-03-09 05:00:00+00:00,4.746,4.746,4.52,4.56,4.56,93698.0
2022-03-10 05:00:00+00:00,4.58,4.711,4.58,4.675,4.675,236741.0
2022-03-11 05:00:00+00:00,4.556,4.608,4.366,4.366,4.366,72618.0
2022-03-14 04:00:00+00:00,4.33,4.33,4.172,4.195,4.195,85171.0
2022-03-15 04:00:00+00:00,4.12,4.295,4.077,4.235,4.235,87219.0
2022-03-16 04:00:00+00:00,4.31,4.469,4.31,4.445,4.445,83396.0
2022-03-17 04:00:00+00:00,4.501,4.584,4.445,4.56,4.56,57990.0
2022-03-18 04:00:00+00:00,4.596,4.619,4.501,4.596,4.596,58734.0
2022-03-21 04:00:00+00:00,4.572,4.572,4.485,4.512,4.512,59057.0
2022-03-22 04:00:00+00:00,4.493,4.584,4.485,4.584,4.584,66944.0
2022-03-23 04:00:00+00:00,4.564,4.58,4.433,4.445,4.445,96408.0
2022-03-24 04:00:00+00:00,4.429,4.429,4.267,4.295,4.295,245700.0
2022-03-25 04:00:00+00:00,4.287,4.505,4.287,4.485,4.485,86965.0
2022-03-28 04:00:00+00:00,4.405,4.449,4.302,4.342,4.342,92405.0
2022-03-29 04:00:00+00:00,4.255,4.433,4.156,4.394,4.394,133055.0
2022-03-30 04:00:00+00:00,4.572,4.631,4.52,4.524,4.524,55695.0
2022-03-31 04:00:00+00:00,4.572,4.683,4.572,4.596,4.596,56605.0
2022-04-01 04:00:00+00:00,4.699,4.778,4.592,4.643,4.643,183218.0
2022-04-04 04:00:00+00:00,4.762,4.865,4.667,4.714,4.714,57138.0
2022-04-05 04:00:00+00:00,4.786,4.889,4.707,4.754,4.754,95172.0
2022-04-06 04:00:00+00:00,4.802,4.92,4.754,4.81,4.81,81295.0
2022-04-07 04:00:00+00:00,4.881,4.972,4.81,4.952,4.952,185591.0
2022-04-08 04:00:00+00:00,4.968,5.277,4.968,5.237,5.237,221299.0
2022-04-11 04:00:00+00:00,5.182,5.182,4.98,5.004,5.004,78542.0
2022-04-12 04:00:00+00:00,5.023,5.047,4.881,4.913,4.913,49880.0
2022-04-13 04:00:00+00:00,4.913,4.972,4.849,4.952,4.952,72260.0
2022-04-14 04:00:00+00:00,4.976,5.008,4.913,4.992,4.992,23295.0
2022-04-18 04:00:00+00:00,4.976,4.976,4.873,4.913,4.913,27576.0
2022-04-19 04:00:00+00:00,4.778,4.917,4.778,4.865,4.865,37232.0
2022-04-20 04:00:00+00:00,4.829,4.849,4.754,4.821,4.821,36135.0
2022-04-21 04:00:00+00:00,4.849,4.936,4.758,4.794,4.794,50148.0
2022-04-22 04:00:00+00:00,4.746,4.825,4.604,4.675,4.675,33500.0
2022-04-25 04:00:00+00:00,4.489,4.501,4.318,4.429,4.429,100210.0
2022-04-26 04:00:00+00:00,4.405,4.413,4.302,4.35,4.35,73156.0
2022-04-27 04:00:00+00:00,4.374,4.54,4.374,4.501,4.501,74516.0
2022-04-28 04:00:00+00:00,4.532,4.619,4.421,4.596,4.596,84520.0
2022-04-29 04:00:00+00:00,4.627,4.627,4.413,4.453,4.453,88712.0
2022-05-02 04:00:00+00:00,4.413,4.489,4.358,4.421,4.421,24024.0
2022-05-03 04:00:00+00:00,4.429,4.572,4.405,4.485,4.485,146467.0
2022-05-04 04:00:00+00:00,4.611,4.651,4.477,4.588,4.588,80150.0
2022-05-05 04:00:00+00:00,4.604,4.627,4.429,4.508,4.508,50034.0
2022-05-06 04:00:00+00:00,4.461,4.461,4.342,4.425,4.425,107268.0
2022-05-09 04:00:00+00:00,4.334,4.334,3.946,3.989,3.989,189927.0
2022-05-10 04:00:00+00:00,4.195,4.469,4.16,4.342,4.342,81413.0
2022-05-11 04:00:00+00:00,4.354,4.405,4.148,4.16,4.16,71620.0
2022-05-12 04:00:00+00:00,4.168,4.172,3.958,4.128,4.128,74476.0
2022-05-13 04:00:00+00:00,4.207,4.382,4.207,4.326,4.326,67373.0
2022-05-16 04:00:00+00:00,4.405,4.568,4.405,4.564,4.564,149565.0
2022-05-17 04:00:00+00:00,4.651,4.651,4.461,4.477,4.477,353199.0
2022-05-18 04:00:00+00:00,4.572,4.643,4.492,4.552,4.552,105049.0
2022-05-19 04:00:00+00:00,4.564,4.64,4.52,4.588,4.588,109061.0
2022-05-20 04:00:00+00:00,4.616,4.628,4.508,4.552,4.552,72062.0
2022-05-23 04:00:00+00:00,4.62,4.699,4.5,4.699,4.699,106558.0
2022-05-24 04:00:00+00:00,4.572,4.628,4.488,4.504,4.504,68792.0
2022-05-25 04:00:00+00:00,4.572,4.846,4.572,4.842,4.842,89248.0
2022-05-26 04:00:00+00:00,4.866,4.946,4.767,4.795,4.795,70977.0
2022-05-27 04:00:00+00:00,4.759,4.862,4.719,4.85,4.85,47696.0
2022-05-31 04:00:00+00:00,4.914,4.914,4.659,4.739,4.739,68002.0
2022-06-01 04:00:00+00:00,4.822,4.89,4.711,4.878,4.878,202280.0
2022-06-02 04:00:00+00:00,4.906,4.981,4.81,4.874,4.874,150240.0
2022-06-03 04:00:00+00:00,4.858,4.858,4.735,4.834,4.834,34267.0
2022-06-06 04:00:00+00:00,4.954,4.954,4.806,4.834,4.834,62128.0
2022-06-07 04:00:00+00:00,4.803,4.934,4.791,4.882,4.882,84481.0
2022-06-08 04:00:00+00:00,4.858,4.858,4.604,4.659,4.659,55911.0
2022-06-09 04:00:00+00:00,4.552,4.584,4.449,4.54,4.54,91766.0
2022-06-10 04:00:00+00:00,4.453,4.58,4.421,4.58,4.58,102533.0
2022-06-13 04:00:00+00:00,4.449,4.584,4.405,4.453,4.453,81633.0
2022-06-14 04:00:00+00:00,4.54,4.62,4.425,4.5,4.5,62612.0
2022-06-15 04:00:00+00:00,4.532,4.604,4.453,4.576,4.576,100530.0
2022-06-16 04:00:00+00:00,4.469,4.528,4.385,4.524,4.524,43797.0
2022-06-17 04:00:00+00:00,4.473,4.484,4.246,4.254,4.254,138268.0
2022-06-21 04:00:00+00:00,4.389,4.735,4.373,4.679,4.679,101950.0
2022-06-22 04:00:00+00:00,4.564,4.675,4.532,4.568,4.568,103146.0
2022-06-23 04:00:00+00:00,4.612,4.699,4.532,4.699,4.699,231163.0
2022-06-24 04:00:00+00:00,4.723,5.021,4.699,4.938,4.938,78294.0
2022-06-27 04:00:00+00:00,5.009,5.125,4.95,5.053,5.053,94377.0
2022-06-28 04:00:00+00:00,5.109,5.109,4.938,5.077,5.077,53737.0
2022-06-29 04:00:00+00:00,5.105,5.121,4.914,4.973,4.973,36713.0
2022-06-30 04:00:00+00:00,4.89,4.977,4.822,4.882,4.882,71392.0
2022-07-01 04:00:00+00:00,4.858,4.858,4.691,4.834,4.834,40412.0
2022-07-05 04:00:00+00:00,4.822,4.846,4.707,4.806,4.806,73247.0
2022-07-06 04:00:00+00:00,4.739,4.803,4.417,4.58,4.58,94026.0
2022-07-07 04:00:00+00:00,4.695,4.862,4.695,4.783,4.783,50500.0
2022-07-08 04:00:00+00:00,4.85,4.914,4.771,4.858,4.858,74864.0
2022-07-11 04:00:00+00:00,4.826,4.834,4.707,4.791,4.791,33698.0
2022-07-12 04:00:00+00:00,4.755,4.91,4.739,4.842,4.842,51918.0
2022-07-13 04:00:00+00:00,4.834,5.037,4.834,5.025,5.025,42945.0
2022-07-14 04:00:00+00:00,4.914,4.962,4.85,4.95,4.95,38162.0
2022-07-15 04:00:00+00:00,4.89,5.093,4.882,5.093,5.093,48339.0
2022-07-18 04:00:00+00:00,5.168,5.331,5.168,5.26,5.26,49024.0
2022-07-19 04:00:00+00:00,5.367,5.462,5.299,5.462,5.462,69392.0
2022-07-20 04:00:00+00:00,5.439,5.47,5.383,5.427,5.427,38950.0
2022-07-21 04:00:00+00:00,5.327,5.47,5.327,5.447,5.447,44004.0
2022-07-22 04:00:00+00:00,5.415,5.419,5.2,5.252,5.252,104484.0
2022-07-25 04:00:00+00:00,5.311,5.439,5.24,5.411,5.411,115359.0
2022-07-26 04:00:00+00:00,5.399,5.399,5.276,5.363,5.363,74448.0
2022-07-27 04:00:00+00:00,5.439,5.49,5.363,5.474,5.474,133674.0
2022-07-28 04:00:00+00:00,5.526,5.53,5.315,5.399,5.399,47306.0
2022-07-29 04:00:00+00:00,5.431,5.431,5.22,5.22,5.22,62611.0
2022-08-01 04:00:00+00:00,5.307,5.49,5.307,5.49,5.49,116561.0
2022-08-02 04:00:00+00:00,5.526,5.733,5.526,5.625,5.625,86858.0
2022-08-03 04:00:00+00:00,5.645,5.757,5.574,5.669,5.669,79168.0
2022-08-04 04:00:00+00:00,5.59,5.677,5.542,5.598,5.598,59905.0
2022-08-05 04:00:00+00:00,5.602,5.784,5.582,5.725,5.725,75596.0
2022-08-08 04:00:00+00:00,5.745,5.896,5.741,5.828,5.828,123362.0
2022-08-09 04:00:00+00:00,5.852,5.999,5.828,5.963,5.963,80998.0
2022-08-10 04:00:00+00:00,5.94,5.979,5.765,5.872,5.872,54147.0
2022-08-11 04:00:00+00:00,5.975,6.234,5.955,6.154,6.154,149005.0
2022-08-12 04:00:00+00:00,6.134,6.25,6.11,6.214,6.214,84809.0
2022-08-15 04:00:00+00:00,6.039,6.417,5.971,6.385,6.385,74590.0
2022-08-16 04:00:00+00:00,6.385,6.393,6.277,6.345,6.345,42485.0
2022-08-17 04:00:00+00:00,6.369,6.504,6.361,6.448,6.448,67023.0
2022-08-18 04:00:00+00:00,6.468,6.468,6.273,6.341,6.341,55980.0
2022-08-19 04:00:00+00:00,6.234,6.281,6.194,6.258,6.258,19948.0
2022-08-22 04:00:00+00:00,6.297,6.509,6.273,6.273,6.273,64326.0
2022-08-23 04:00:00+00:00,6.329,6.341,6.198,6.206,6.206,30248.0
2022-08-24 04:00:00+00:00,6.242,6.421,6.242,6.341,6.341,54611.0
2022-08-25 04:00:00+00:00,6.405,6.405,6.222,6.262,6.262,47457.0
2022-08-26 04:00:00+00:00,6.174,6.23,6.106,6.19,6.19,36219.0
2022-08-29 04:00:00+00:00,6.182,6.381,6.154,6.341,6.341,35168.0
2022-08-30 04:00:00+00:00,6.305,6.305,6.066,6.126,6.126,59880.0
2022-08-31 04:00:00+00:00,6.018,6.246,5.978,6.242,6.242,51745.0
2022-09-01 04:00:00+00:00,6.166,6.186,6.01,6.062,6.062,39029.0
2022-09-02 04:00:00+00:00,6.186,6.202,6.018,6.158,6.158,40907.0
2022-09-06 04:00:00+00:00,6.321,6.609,6.317,6.465,6.465,102245.0
2022-09-07 04:00:00+00:00,6.297,6.329,6.138,6.23,6.23,51822.0
2022-09-08 04:00:00+00:00,6.226,6.333,6.194,6.309,6.309,78565.0
2022-09-09 04:00:00+00:00,6.625,6.933,6.589,6.781,6.781,62673.0
2022-09-12 04:00:00+00:00,6.721,6.897,6.705,6.861,6.861,49200.0
2022-09-13 04:00:00+00:00,6.933,6.933,6.717,6.797,6.797,77815.0
2022-09-14 04:00:00+00:00,6.929,7.113,6.901,7.065,7.065,76535.0
2022-09-15 04:00:00+00:00,6.961,7.065,6.889,7.025,7.025,51698.0
2022-09-16 04:00:00+00:00,6.961,6.969,6.753,6.937,6.937,62934.0
2022-09-19 04:00:00+00:00,6.845,7.428,6.845,7.408,7.408,214706.0
2022-09-20 04:00:00+00:00,7.376,7.424,7.228,7.352,7.352,122068.0
2022-09-21 04:00:00+00:00,7.416,7.416,7.057,7.069,7.069,62673.0
2022-09-22 04:00:00+00:00,7.217,7.292,7.001,7.017,7.017,81604.0
2022-09-23 04:00:00+00:00,6.721,6.853,6.625,6.689,6.689,48857.0
2022-09-26 04:00:00+00:00,6.673,6.817,6.569,6.625,6.625,57996.0
2022-09-27 04:00:00+00:00,6.657,6.701,6.409,6.561,6.561,51671.0
2022-09-28 04:00:00+00:00,6.557,6.561,6.309,6.489,6.489,121044.0
2022-09-29 04:00:00+00:00,6.485,6.485,6.006,6.026,6.026,107895.0
2022-09-30 04:00:00+00:00,6.066,6.23,6.03,6.058,6.058,96162.0
2022-10-03 04:00:00+00:00,6.13,6.15,5.97,6.018,6.018,65258.0
2022-10-04 04:00:00+00:00,6.074,6.074,5.83,5.918,5.918,120356.0
2022-10-05 04:00:00+00:00,5.77,5.926,5.562,5.838,5.838,134985.0
2022-10-06 04:00:00+00:00,5.974,6.154,5.85,5.914,5.914,51174.0
2022-10-07 04:00:00+00:00,5.946,6.106,5.89,6.006,6.006,61139.0
2022-10-10 04:00:00+00:00,5.97,6.19,5.938,5.946,5.946,44045.0
2022-10-11 04:00:00+00:00,5.758,5.978,5.706,5.89,5.89,39613.0
2022-10-12 04:00:00+00:00,5.866,6.078,5.778,6.034,6.034,34223.0
2022-10-13 04:00:00+00:00,6.034,6.21,5.982,6.178,6.178,43958.0
2022-10-14 04:00:00+00:00,6.222,6.417,6.138,6.393,6.393,44610.0
2022-10-17 04:00:00+00:00,6.537,6.677,6.453,6.609,6.609,170612.0
2022-10-18 04:00:00+00:00,6.593,6.793,6.569,6.793,6.793,91356.0
2022-10-19 04:00:00+00:00,6.781,6.989,6.737,6.961,6.961,130835.0
2022-10-20 04:00:00+00:00,6.941,7.033,6.849,6.945,6.945,82879.0
2022-10-21 04:00:00+00:00,6.909,7.001,6.793,6.993,6.993,47826.0
2022-10-24 04:00:00+00:00,6.913,7.117,6.905,7.085,7.085,87061.0
2022-10-25 04:00:00+00:00,7.065,7.161,6.985,7.101,7.101,53080.0
2022-10-26 04:00:00+00:00,7.217,7.292,7.149,7.173,7.173,46504.0
2022-10-27 04:00:00+00:00,7.24,7.24,7.037,7.037,7.037,35915.0
2022-10-28 04:00:00+00:00,7.113,7.113,6.973,7.073,7.073,54088.0
2022-10-31 04:00:00+00:00,7.089,7.129,7.041,7.121,7.121,25445.0
2022-11-01 04:00:00+00:00,7.236,7.392,7.217,7.288,7.288,36478.0
2022-11-02 04:00:00+00:00,7.312,7.412,7.24,7.252,7.252,33378.0
2022-11-03 04:00:00+00:00,7.32,7.42,7.3,7.368,7.368,41782.0
2022-11-04 04:00:00+00:00,7.44,7.556,7.352,7.544,7.544,77392.0
2022-11-07 05:00:00+00:00,7.52,7.572,7.392,7.44,7.44,28894.0
2022-11-08 05:00:00+00:00,7.448,8.084,7.448,7.896,7.896,142155.0
2022-11-09 05:00:00+00:00,7.888,7.996,7.532,7.608,7.608,71495.0
2022-11-10 05:00:00+00:00,7.688,7.732,7.52,7.72,7.72,45649.0
2022-11-11 05:00:00+00:00,7.812,7.884,7.596,7.668,7.668,31086.0
2022-11-14 05:00:00+00:00,7.7,7.808,7.672,7.732,7.732,40553.0
2022-11-15 05:00:00+00:00,7.84,8.108,7.752,8.096,8.096,74313.0
2022-11-16 05:00:00+00:00,8.108,8.144,7.912,7.948,7.948,39671.0
2022-11-17 05:00:00+00:00,7.82,8.271,7.792,8.271,8.271,89077.0
2022-11-18 05:00:00+00:00,8.207,8.391,8.164,8.363,8.363,49242.0
2022-11-21 05:00:00+00:00,8.383,8.487,8.214,8.479,8.479,32835.0
2022-11-22 05:00:00+00:00,8.491,8.515,8.17,8.214,8.214,52260.0
2022-11-23 05:00:00+00:00,8.279,8.443,8.042,8.13,8.13,93718.0
2022-11-25 05:00:00+00:00,7.998,8.239,7.745,8.206,8.206,30511.0
2022-11-28 05:00:00+00:00,8.054,8.054,7.769,7.805,7.805,53689.0
2022-11-29 05:00:00+00:00,8.022,8.17,7.865,7.91,7.91,74290.0
2022-11-30 05:00:00+00:00,8.022,8.126,7.954,8.126,8.126,92576.0
2022-12-01 05:00:00+00:00,8.086,8.138,7.821,7.829,7.829,48499.0
2022-12-02 05:00:00+00:00,7.777,8.206,7.733,8.206,8.206,114571.0
2022-12-05 05:00:00+00:00,8.303,8.339,7.825,7.894,7.894,122996.0
2022-12-06 05:00:00+00:00,7.91,7.91,7.577,7.633,7.633,154186.0
2022-12-07 05:00:00+00:00,7.597,7.629,7.087,7.091,7.091,243079.0
2022-12-08 05:00:00+00:00,7.264,7.492,7.196,7.468,7.468,105545.0
2022-12-09 05:00:00+00:00,7.5,7.537,7.364,7.38,7.38,37263.0
2022-12-12 05:00:00+00:00,7.541,7.87,7.541,7.805,7.805,110752.0
2022-12-13 05:00:00+00:00,7.757,7.805,7.633,7.693,7.693,41799.0
2022-12-14 05:00:00+00:00,7.729,7.729,7.517,7.565,7.565,21561.0
2022-12-15 05:00:00+00:00,7.645,7.701,7.537,7.657,7.657,38806.0
2022-12-16 05:00:00+00:00,7.541,7.601,7.48,7.561,7.561,63262.0
2022-12-19 05:00:00+00:00,7.545,7.565,7.252,7.252,7.252,49284.0
2022-12-20 05:00:00+00:00,7.268,7.464,7.208,7.388,7.388,59149.0
2022-12-21 05:00:00+00:00,7.436,7.436,7.256,7.28,7.28,54667.0
2022-12-22 05:00:00+00:00,7.312,7.316,7.131,7.18,7.18,31060.0
2022-12-23 05:00:00+00:00,7.075,7.248,7.075,7.22,7.22,20440.0
2022-12-27 05:00:00+00:00,7.22,7.292,7.184,7.244,7.244,26411.0
2022-12-28 05:00:00+00:00,7.087,7.144,6.959,7.051,7.051,31139.0
2022-12-29 05:00:00+00:00,7.047,7.115,6.987,7.095,7.095,62432.0
2022-12-30 05:00:00+00:00,7.051,7.148,7.047,7.115,7.115,21552.0
2023-01-03 05:00:00+00:00,7.087,7.115,6.734,6.779,6.779,101280.0
2023-01-04 05:00:00+00:00,6.65,6.73,6.494,6.61,6.61,82070.0
2023-01-05 05:00:00+00:00,6.61,6.766,6.61,6.658,6.658,70824.0
2023-01-06 05:00:00+00:00,6.706,6.859,6.65,6.823,6.823,46153.0
2023-01-09 05:00:00+00:00,6.863,6.871,6.614,6.654,6.654,50057.0
2023-01-10 05:00:00+00:00,6.714,7.192,6.714,7.063,7.063,283648.0
2023-01-11 05:00:00+00:00,7.083,7.212,6.819,6.843,6.843,140095.0
2023-01-12 05:00:00+00:00,6.967,7.003,6.819,6.967,6.967,201586.0
2023-01-13 05:00:00+00:00,7.011,7.067,6.75,6.995,6.995,65793.0
2023-01-17 05:00:00+00:00,7.047,7.192,7.019,7.107,7.107,43608.0
2023-01-18 05:00:00+00:00,7.172,7.18,6.923,6.927,6.927,75203.0
2023-01-19 05:00:00+00:00,6.915,6.931,6.807,6.847,6.847,52713.0
2023-01-20 05:00:00+00:00,6.963,6.987,6.839,6.851,6.851,38614.0
2023-01-23 05:00:00+00:00,6.867,6.879,6.594,6.622,6.622,90530.0
2023-01-24 05:00:00+00:00,6.65,6.698,6.562,6.594,6.594,40578.0
2023-01-25 05:00:00+00:00,6.578,6.606,6.454,6.582,6.582,52580.0
2023-01-26 05:00:00+00:00,6.642,6.654,6.482,6.574,6.574,16471.0
2023-01-27 05:00:00+00:00,6.646,6.823,6.63,6.787,6.787,29928.0
2023-01-30 05:00:00+00:00,6.787,6.919,6.754,6.754,6.754,30094.0
2023-01-31 05:00:00+00:00,6.787,6.967,6.698,6.871,6.871,38432.0
2023-02-01 05:00:00+00:00,6.923,7.039,6.851,6.907,6.907,55835.0
2023-02-02 05:00:00+00:00,6.971,7.011,6.775,6.895,6.895,52676.0
2023-02-03 05:00:00+00:00,6.931,7.087,6.775,6.783,6.783,61995.0
2023-02-06 05:00:00+00:00,6.851,7.135,6.851,6.931,6.931,79820.0
2023-02-07 05:00:00+00:00,6.983,7.292,6.979,7.232,7.232,148270.0
2023-02-08 05:00:00+00:00,7.268,7.38,7.216,7.332,7.332,81634.0
2023-02-09 05:00:00+00:00,7.733,8.475,7.733,8.331,8.331,175165.0
2023-02-10 05:00:00+00:00,8.327,8.511,8.102,8.335,8.335,66546.0
2023-02-13 05:00:00+00:00,8.415,9.025,8.415,8.969,8.969,128287.0
2023-02-14 05:00:00+00:00,8.864,9.209,8.76,9.073,9.073,172915.0
2023-02-15 05:00:00+00:00,8.985,9.145,8.784,9.125,9.125,71260.0
2023-02-16 05:00:00+00:00,9.006,9.222,8.94,9.185,9.185,82175.0
2023-02-17 05:00:00+00:00,9.143,9.189,9.052,9.094,9.094,39357.0
2023-02-21 05:00:00+00:00,9.118,9.243,9.019,9.069,9.069,35111.0
2023-02-22 05:00:00+00:00,8.986,9.048,8.791,8.986,8.986,29855.0
2023-02-23 05:00:00+00:00,9.131,9.384,9.056,9.334,9.334,23512.0
2023-02-24 05:00:00+00:00,9.313,9.533,9.313,9.517,9.517,49437.0
2023-02-27 05:00:00+00:00,9.625,9.683,9.438,9.566,9.566,60540.0
2023-02-28 05:00:00+00:00,9.633,9.633,9.537,9.591,9.591,31417.0
2023-03-01 05:00:00+00:00,9.612,9.691,9.558,9.583,9.583,18140.0
2023-03-02 05:00:00+00:00,9.566,9.728,9.401,9.662,9.662,39926.0
2023-03-03 05:00:00+00:00,9.678,10.01,9.641,10.01,10.01,87471.0
2023-03-06 05:00:00+00:00,9.873,9.873,9.674,9.791,9.791,36586.0
2023-03-07 05:00:00+00:00,9.786,9.857,9.608,9.832,9.832,28416.0
2023-03-08 05:00:00+00:00,9.923,10.04,9.761,9.782,9.782,74292.0
2023-03-09 05:00:00+00:00,10.01,10.06,9.666,9.67,9.67,65064.0
2023-03-10 05:00:00+00:00,9.716,9.869,9.542,9.558,9.558,58186.0
2023-03-13 04:00:00+00:00,9.193,9.45,9.031,9.301,9.301,28188.0
2023-03-14 04:00:00+00:00,9.392,9.803,9.392,9.513,9.513,85690.0
2023-03-15 04:00:00+00:00,9.135,9.272,8.89,9.052,9.052,95611.0
2023-03-16 04:00:00+00:00,8.911,8.953,8.699,8.749,8.749,49879.0
2023-03-17 04:00:00+00:00,8.749,8.874,8.521,8.563,8.563,73357.0
2023-03-20 04:00:00+00:00,8.787,9.048,8.766,8.94,8.94,61853.0
2023-03-21 04:00:00+00:00,9.384,9.492,9.305,9.376,9.376,43528.0
2023-03-22 04:00:00+00:00,9.201,9.533,9.027,9.243,9.243,84144.0
2023-03-23 04:00:00+00:00,9.446,9.496,8.957,9.035,9.035,35914.0
2023-03-24 04:00:00+00:00,8.961,8.961,8.778,8.89,8.89,37404.0
2023-03-27 04:00:00+00:00,8.965,9.089,8.899,9.023,9.023,29514.0
2023-03-28 04:00:00+00:00,9.023,9.127,9.002,9.023,9.023,24199.0
2023-03-29 04:00:00+00:00,9.069,9.085,8.853,8.911,8.911,26415.0
2023-03-30 04:00:00+00:00,8.874,8.874,8.712,8.762,8.762,25003.0
2023-03-31 04:00:00+00:00,8.845,9.011,8.845,8.961,8.961,21497.0
2023-04-03 04:00:00+00:00,8.778,8.778,7.882,7.965,7.965,111896.0
2023-04-04 04:00:00+00:00,7.874,7.949,7.712,7.832,7.832,71310.0
2023-04-05 04:00:00+00:00,7.758,8.069,7.687,8.04,8.04,38885.0
2023-04-06 04:00:00+00:00,7.973,7.998,7.774,7.816,7.816,34278.0
2023-04-10 04:00:00+00:00,7.89,7.969,7.828,7.845,7.845,71401.0
2023-04-11 04:00:00+00:00,7.882,7.986,7.841,7.895,7.895,78742.0
2023-04-12 04:00:00+00:00,7.882,7.928,7.787,7.899,7.899,66783.0
2023-04-13 04:00:00+00:00,7.986,8.21,7.969,8.002,8.002,75968.0
2023-04-14 04:00:00+00:00,8.214,8.363,8.152,8.355,8.355,95316.0
2023-04-17 04:00:00+00:00,8.521,8.766,8.426,8.695,8.695,98292.0
2023-04-18 04:00:00+00:00,8.741,8.836,8.708,8.795,8.795,50181.0
2023-04-19 04:00:00+00:00,8.612,8.612,8.413,8.513,8.513,30075.0
2023-04-20 04:00:00+00:00,8.397,8.455,7.998,8.123,8.123,61991.0
2023-04-21 04:00:00+00:00,8.052,8.131,7.982,7.994,7.994,31922.0
2023-04-24 04:00:00+00:00,8.529,8.716,8.496,8.496,8.496,61073.0
2023-04-25 04:00:00+00:00,8.355,8.442,8.094,8.139,8.139,53995.0
2023-04-26 04:00:00+00:00,8.115,8.139,7.791,7.808,7.808,59070.0
2023-04-27 04:00:00+00:00,7.758,8.002,7.758,7.924,7.924,46591.0
2023-04-28 04:00:00+00:00,7.832,7.973,7.77,7.87,7.87,59536.0
2023-05-01 04:00:00+00:00,7.882,7.924,7.783,7.882,7.882,28886.0
2023-05-02 04:00:00+00:00,7.729,7.741,7.579,7.65,7.65,25457.0
2023-05-03 04:00:00+00:00,7.691,7.691,7.48,7.501,7.501,40832.0
2023-05-04 04:00:00+00:00,6.156,7.044,6.156,6.849,6.849,225678.0
2023-05-05 04:00:00+00:00,6.994,7.148,6.721,7.011,7.011,160291.0
2023-05-08 04:00:00+00:00,6.974,6.978,6.692,6.791,6.791,103359.0
2023-05-09 04:00:00+00:00,6.737,6.916,6.671,6.878,6.878,45579.0
2023-05-10 04:00:00+00:00,6.891,7.032,6.878,6.978,6.978,83518.0
2023-05-11 04:00:00+00:00,6.949,7.293,6.949,7.102,7.102,69022.0
2023-05-12 04:00:00+00:00,7.339,7.339,6.899,6.92,6.92,34458.0
2023-05-15 04:00:00+00:00,6.99,6.99,6.816,6.853,6.853,33278.0
2023-05-16 04:00:00+00:00,6.907,7.015,6.837,6.837,6.837,35356.0
2023-05-17 04:00:00+00:00,6.859,6.983,6.834,6.945,6.945,38891.0
2023-05-18 04:00:00+00:00,6.872,6.872,6.646,6.748,6.748,81276.0
2023-05-19 04:00:00+00:00,6.902,7.137,6.8,6.966,6.966,61985.0
2023-05-22 04:00:00+00:00,6.996,7.175,6.957,6.987,6.987,34461.0
2023-05-23 04:00:00+00:00,7.021,7.03,6.825,6.834,6.834,35513.0
2023-05-24 04:00:00+00:00,6.825,6.868,6.774,6.834,6.834,25220.0
2023-05-25 04:00:00+00:00,6.885,6.945,6.812,6.851,6.851,59510.0
2023-05-26 04:00:00+00:00,6.97,7.064,6.851,7.017,7.017,60759.0
2023-05-30 04:00:00+00:00,6.919,6.919,6.753,6.838,6.838,95165.0
2023-05-31 04:00:00+00:00,6.748,6.748,6.548,6.548,6.548,61925.0
2023-06-01 04:00:00+00:00,6.714,7.124,6.714,6.855,6.855,76430.0
2023-06-02 04:00:00+00:00,6.962,7.03,6.868,6.915,6.915,93546.0
2023-06-05 04:00:00+00:00,6.855,6.864,6.548,6.552,6.552,76745.0
2023-06-06 04:00:00+00:00,6.561,6.74,6.484,6.676,6.676,75313.0
2023-06-07 04:00:00+00:00,6.74,6.8,6.608,6.697,6.697,61819.0
2023-06-08 04:00:00+00:00,6.774,7.09,6.65,6.834,6.834,114549.0
2023-06-09 04:00:00+00:00,6.868,7.081,6.808,6.936,6.936,35608.0
2023-06-12 04:00:00+00:00,6.966,7.094,6.932,7.073,7.073,44942.0
2023-06-13 04:00:00+00:00,7.294,7.435,7.166,7.26,7.26,88670.0
2023-06-14 04:00:00+00:00,7.388,7.623,7.388,7.559,7.559,111694.0
2023-06-15 04:00:00+00:00,7.58,7.678,7.427,7.567,7.567,79443.0
2023-06-16 04:00:00+00:00,7.576,7.584,7.397,7.452,7.452,78012.0
2023-06-20 04:00:00+00:00,7.354,7.491,7.282,7.435,7.435,57859.0
2023-06-21 04:00:00+00:00,7.465,7.516,7.397,7.405,7.405,73243.0
2023-06-22 04:00:00+00:00,7.316,7.316,7.107,7.201,7.201,44708.0
2023-06-23 04:00:00+00:00,7.115,7.162,7.034,7.12,7.12,45514.0
2023-06-26 04:00:00+00:00,6.992,7.047,6.868,6.893,6.893,33078.0
2023-06-27 04:00:00+00:00,6.851,6.876,6.757,6.829,6.829,42971.0
2023-06-28 04:00:00+00:00,6.774,7.115,6.774,7.115,7.115,48748.0
2023-06-29 04:00:00+00:00,6.996,7.201,6.996,7.141,7.141,49088.0
2023-06-30 04:00:00+00:00,7.209,7.307,7.171,7.277,7.277,23350.0
2023-07-03 04:00:00+00:00,7.303,7.418,7.209,7.209,7.209,40632.0
2023-07-05 04:00:00+00:00,7.273,7.533,7.243,7.375,7.375,45681.0
2023-07-06 04:00:00+00:00,7.269,7.282,7.09,7.201,7.201,64761.0
2023-07-07 04:00:00+00:00,7.273,7.452,7.235,7.38,7.38,85356.0
2023-07-10 04:00:00+00:00,7.32,7.486,7.247,7.277,7.277,75482.0
2023-07-11 04:00:00+00:00,7.405,7.602,7.32,7.576,7.576,90660.0
2023-07-12 04:00:00+00:00,7.602,7.64,7.465,7.529,7.529,75406.0
2023-07-13 04:00:00+00:00,7.593,7.721,7.576,7.589,7.589,107531.0
2023-07-14 04:00:00+00:00,7.448,7.503,7.38,7.38,7.38,105988.0
2023-07-17 04:00:00+00:00,7.38,7.555,7.354,7.516,7.516,40355.0
2023-07-18 04:00:00+00:00,7.499,7.648,7.474,7.486,7.486,35562.0
2023-07-19 04:00:00+00:00,7.499,7.572,7.461,7.533,7.533,76095.0
2023-07-20 04:00:00+00:00,7.55,7.567,7.41,7.478,7.478,121336.0
2023-07-21 04:00:00+00:00,7.435,7.486,7.38,7.444,7.444,49051.0
2023-07-24 04:00:00+00:00,7.525,7.708,7.516,7.708,7.708,58541.0
2023-07-25 04:00:00+00:00,7.815,8.143,7.815,7.968,7.968,64609.0
2023-07-26 04:00:00+00:00,7.857,8.028,7.853,8.028,8.028,40063.0
2023-07-27 04:00:00+00:00,7.998,8.084,7.917,7.96,7.96,33718.0
2023-07-28 04:00:00+00:00,8.037,8.229,8.037,8.229,8.229,34858.0
2023-07-31 04:00:00+00:00,8.446,8.544,8.31,8.408,8.408,65177.0
2023-08-01 04:00:00+00:00,8.391,8.404,8.276,8.344,8.344,33300.0
2023-08-02 04:00:00+00:00,8.246,8.369,8.165,8.224,8.224,66696.0
2023-08-03 04:00:00+00:00,8.314,8.523,8.258,8.472,8.472,44773.0
2023-08-04 04:00:00+00:00,8.527,8.531,8.404,8.404,8.404,37905.0
2023-08-07 04:00:00+00:00,8.352,8.369,8.293,8.369,8.369,47692.0
2023-08-08 04:00:00+00:00,8.267,8.391,8.22,8.365,8.365,69093.0
2023-08-09 04:00:00+00:00,8.412,8.553,8.258,8.297,8.297,136870.0
2023-08-10 04:00:00+00:00,8.412,8.476,8.22,8.284,8.284,53448.0
2023-08-11 04:00:00+00:00,8.284,8.297,8.148,8.173,8.173,83069.0
2023-08-14 04:00:00+00:00,8.156,8.25,8.113,8.22,8.22,90158.0
2023-08-15 04:00:00+00:00,8.152,8.233,8.088,8.203,8.203,116821.0
2023-08-16 04:00:00+00:00,8.463,8.651,8.425,8.472,8.472,75886.0
2023-08-17 04:00:00+00:00,8.595,8.634,8.476,8.544,8.544,47578.0
2023-08-18 04:00:00+00:00,8.335,8.642,8.318,8.549,8.549,41422.0
2023-08-21 04:00:00+00:00,8.702,8.702,8.578,8.604,8.604,32637.0
2023-08-22 04:00:00+00:00,8.627,8.632,8.548,8.574,8.574,45292.0
2023-08-23 04:00:00+00:00,8.495,8.521,8.322,8.472,8.472,58732.0
2023-08-24 04:00:00+00:00,8.561,8.689,8.486,8.53,8.53,38067.0
2023-08-25 04:00:00+00:00,8.468,8.539,8.389,8.455,8.455,89320.0
2023-08-28 04:00:00+00:00,8.424,8.583,8.327,8.358,8.358,59230.0
2023-08-29 04:00:00+00:00,8.371,8.472,8.344,8.393,8.393,40315.0
2023-08-30 04:00:00+00:00,8.366,8.366,8.07,8.238,8.238,175335.0
2023-08-31 04:00:00+00:00,8.185,8.256,8.088,8.163,8.163,216508.0
2023-09-01 04:00:00+00:00,8.207,8.212,8.044,8.097,8.097,62387.0
2023-09-05 04:00:00+00:00,7.867,7.924,7.703,7.823,7.823,54060.0
2023-09-06 04:00:00+00:00,7.858,7.867,7.743,7.787,7.787,126697.0
2023-09-07 04:00:00+00:00,7.783,7.783,7.628,7.686,7.686,98583.0
2023-09-08 04:00:00+00:00,7.717,8.017,7.712,7.991,7.991,70739.0
2023-09-11 04:00:00+00:00,7.96,7.96,7.77,7.796,7.796,29688.0
2023-09-12 04:00:00+00:00,7.867,7.885,7.779,7.818,7.818,38881.0
2023-09-13 04:00:00+00:00,7.858,7.858,7.602,7.703,7.703,68239.0
2023-09-14 04:00:00+00:00,7.849,7.947,7.734,7.81,7.81,25086.0
2023-09-15 04:00:00+00:00,7.894,7.995,7.876,7.951,7.951,36159.0
2023-09-18 04:00:00+00:00,8.079,8.415,8.079,8.362,8.362,39656.0
2023-09-19 04:00:00+00:00,8.419,8.534,8.406,8.415,8.415,72099.0
2023-09-20 04:00:00+00:00,8.442,8.711,8.362,8.583,8.583,59405.0
2023-09-21 04:00:00+00:00,8.68,8.839,8.618,8.791,8.791,55833.0
2023-09-22 04:00:00+00:00,8.83,8.976,8.83,8.844,8.844,52855.0
2023-09-25 04:00:00+00:00,8.83,8.981,8.707,8.937,8.937,83081.0
2023-09-26 04:00:00+00:00,8.897,9.078,8.848,8.848,8.848,67766.0
2023-09-27 04:00:00+00:00,8.937,8.998,8.795,8.826,8.826,34087.0
2023-09-28 04:00:00+00:00,8.76,8.963,8.755,8.919,8.919,43894.0
2023-09-29 04:00:00+00:00,9.016,9.162,8.937,9.104,9.104,48601.0
2023-10-02 04:00:00+00:00,9.096,9.118,8.627,8.654,8.654,32086.0
2023-10-03 04:00:00+00:00,8.751,8.751,8.579,8.707,8.707,45847.0
2023-10-04 04:00:00+00:00,8.565,8.565,8.327,8.419,8.419,39556.0
2023-10-05 04:00:00+00:00,8.495,8.605,8.322,8.512,8.512,90705.0
2023-10-06 04:00:00+00:00,8.397,8.645,8.38,8.587,8.587,49100.0
2023-10-09 04:00:00+00:00,8.839,8.99,8.808,8.91,8.91,134247.0
2023-10-10 04:00:00+00:00,8.959,9.104,8.95,9.025,9.025,102659.0
2023-10-11 04:00:00+00:00,8.875,9.087,8.57,8.959,8.959,103610.0
2023-10-12 04:00:00+00:00,9.074,9.237,9.043,9.171,9.171,86079.0
2023-10-13 04:00:00+00:00,9.255,9.635,9.237,9.462,9.462,154365.0
2023-10-16 04:00:00+00:00,9.511,9.608,9.383,9.582,9.582,69471.0
2023-10-17 04:00:00+00:00,9.599,9.856,9.599,9.803,9.803,134536.0
2023-10-18 04:00:00+00:00,9.723,9.803,9.635,9.688,9.688,58262.0
2023-10-19 04:00:00+00:00,9.414,9.48,9.025,9.414,9.414,78408.0
2023-10-20 04:00:00+00:00,9.383,9.396,9.272,9.277,9.277,37233.0
2023-10-23 04:00:00+00:00,9.211,9.436,9.211,9.343,9.343,33362.0
2023-10-24 04:00:00+00:00,9.458,9.701,9.449,9.635,9.635,138601.0
2023-10-25 04:00:00+00:00,9.573,9.608,9.374,9.489,9.489,94387.0
2023-10-26 04:00:00+00:00,9.485,9.489,9.281,9.427,9.427,41970.0
2023-10-27 04:00:00+00:00,9.546,9.874,9.462,9.803,9.803,96673.0
2023-10-30 04:00:00+00:00,9.918,10.02,9.608,9.772,9.772,80065.0
2023-10-31 04:00:00+00:00,9.82,10.0,9.706,9.834,9.834,51927.0
2023-11-01 04:00:00+00:00,9.865,10.13,9.865,10.11,10.11,37416.0
2023-11-02 04:00:00+00:00,10.03,10.16,9.9,9.953,9.953,30169.0
2023-11-03 04:00:00+00:00,9.812,10.05,9.812,9.98,9.98,37149.0
2023-11-06 05:00:00+00:00,9.944,9.971,9.745,9.935,9.935,83598.0
2023-11-07 05:00:00+00:00,9.449,9.697,8.937,9.272,9.272,121328.0
2023-11-08 05:00:00+00:00,9.149,9.149,8.954,9.007,9.007,79913.0
2023-11-09 05:00:00+00:00,9.122,9.175,8.919,8.923,8.923,74207.0
2023-11-10 05:00:00+00:00,8.954,8.985,8.91,8.937,8.937,61222.0
2023-11-13 05:00:00+00:00,9.043,9.113,8.963,9.069,9.069,37464.0
2023-11-14 05:00:00+00:00,9.06,9.228,9.007,9.224,9.224,86120.0
2023-11-15 05:00:00+00:00,9.299,9.37,9.091,9.14,9.14,70074.0
2023-11-16 05:00:00+00:00,9.091,9.166,8.954,8.972,8.972,67319.0
2023-11-17 05:00:00+00:00,9.153,9.281,9.153,9.158,9.158,41977.0
2023-11-20 05:00:00+00:00,9.238,9.274,9.188,9.188,9.188,25390.0
2023-11-21 05:00:00+00:00,9.062,9.134,9.022,9.107,9.107,71651.0
2023-11-22 05:00:00+00:00,9.004,9.256,8.959,9.242,9.242,21868.0
2023-11-24 05:00:00+00:00,9.292,9.481,9.292,9.4,9.4,24783.0
2023-11-27 05:00:00+00:00,9.4,9.4,9.184,9.184,9.184,51868.0
2023-11-28 05:00:00+00:00,9.184,9.184,8.959,8.959,8.959,75128.0
2023-11-29 05:00:00+00:00,8.914,8.914,8.662,8.743,8.743,70909.0
2023-11-30 05:00:00+00:00,8.711,9.008,8.599,8.959,8.959,91890.0
2023-12-01 05:00:00+00:00,9.022,9.256,9.022,9.215,9.215,66033.0
2023-12-04 05:00:00+00:00,9.224,9.292,9.008,9.13,9.13,44597.0
2023-12-05 05:00:00+00:00,9.085,9.085,8.878,8.923,8.923,57314.0
2023-12-06 05:00:00+00:00,8.914,9.139,8.891,8.932,8.932,37912.0
2023-12-07 05:00:00+00:00,8.873,8.873,8.671,8.792,8.792,52741.0
2023-12-08 05:00:00+00:00,8.891,8.923,8.72,8.81,8.81,60625.0
2023-12-11 05:00:00+00:00,8.626,8.684,8.572,8.671,8.671,52304.0
2023-12-12 05:00:00+00:00,8.545,8.626,8.464,8.54,8.54,46596.0
2023-12-13 05:00:00+00:00,8.513,8.635,8.378,8.63,8.63,67962.0
2023-12-14 05:00:00+00:00,8.77,8.77,8.54,8.576,8.576,89172.0
2023-12-15 05:00:00+00:00,8.59,9.22,8.509,9.103,9.103,139596.0
2023-12-18 05:00:00+00:00,9.508,9.517,9.152,9.229,9.229,43063.0
2023-12-19 05:00:00+00:00,9.265,9.44,9.224,9.382,9.382,69969.0
2023-12-20 05:00:00+00:00,9.418,9.436,9.161,9.175,9.175,60613.0
2023-12-21 05:00:00+00:00,9.247,9.346,9.233,9.296,9.296,23601.0
2023-12-22 05:00:00+00:00,9.409,9.468,9.368,9.445,9.445,43027.0
2023-12-26 05:00:00+00:00,9.373,9.373,9.035,9.157,9.157,30668.0
2023-12-27 05:00:00+00:00,9.071,9.139,8.981,9.013,9.013,21810.0
2023-12-28 05:00:00+00:00,8.869,8.954,8.815,8.86,8.86,53709.0
2023-12-29 05:00:00+00:00,8.905,8.905,8.792,8.837,8.837,18849.0
2024-01-02 05:00:00+00:00,9.022,9.094,8.945,9.013,9.013,71168.0
2024-01-03 05:00:00+00:00,9.013,9.283,9.013,9.256,9.256,35979.0
2024-01-04 05:00:00+00:00,9.355,9.63,9.274,9.274,9.274,113114.0
2024-01-05 05:00:00+00:00,9.341,9.886,9.341,9.846,9.846,119752.0
2024-01-08 05:00:00+00:00,9.693,9.702,9.463,9.612,9.612,43009.0
2024-01-09 05:00:00+00:00,9.621,9.666,9.472,9.63,9.63,53691.0
2024-01-10 05:00:00+00:00,9.58,9.639,9.481,9.531,9.531,43553.0
2024-01-11 05:00:00+00:00,9.535,9.657,9.287,9.648,9.648,56305.0
2024-01-12 05:00:00+00:00,9.958,10.22,9.814,9.859,9.859,64189.0
2024-01-16 05:00:00+00:00,10.06,10.1,9.877,9.913,9.913,38029.0
2024-01-17 05:00:00+00:00,9.823,10.09,9.823,9.958,9.958,38770.0
2024-01-18 05:00:00+00:00,9.954,10.02,9.814,9.909,9.909,39936.0
2024-01-19 05:00:00+00:00,10.05,10.05,9.819,9.886,9.886,39938.0
2024-01-22 05:00:00+00:00,9.873,9.999,9.751,9.769,9.769,42940.0
2024-01-23 05:00:00+00:00,9.634,9.747,9.603,9.711,9.711,102319.0
2024-01-24 05:00:00+00:00,9.94,9.999,9.859,9.913,9.913,56435.0
2024-01-25 05:00:00+00:00,9.949,10.01,9.693,9.72,9.72,56673.0
2024-01-26 05:00:00+00:00,9.796,10.06,9.738,10.04,10.04,54574.0
2024-01-29 05:00:00+00:00,10.11,10.13,9.873,9.873,9.873,86295.0
2024-01-30 05:00:00+00:00,9.949,10.17,9.94,10.11,10.11,38830.0
2024-01-31 05:00:00+00:00,9.949,10.1,9.882,10.01,10.01,49141.0
2024-02-01 05:00:00+00:00,10.13,10.21,9.495,9.747,9.747,51504.0
2024-02-02 05:00:00+00:00,9.616,9.666,9.499,9.531,9.531,60776.0
2024-02-05 05:00:00+00:00,9.531,9.58,9.355,9.463,9.463,46327.0
2024-02-06 05:00:00+00:00,9.522,9.58,9.4,9.463,9.463,55666.0
2024-02-07 05:00:00+00:00,9.368,9.999,9.355,9.918,9.918,97676.0
2024-02-08 05:00:00+00:00,9.963,9.976,9.814,9.891,9.891,50513.0
2024-02-09 05:00:00+00:00,9.958,10.02,9.841,9.958,9.958,68009.0
2024-02-12 05:00:00+00:00,10.02,10.25,9.99,10.22,10.22,33930.0
2024-02-13 05:00:00+00:00,10.17,10.23,10.04,10.17,10.17,61368.0
2024-02-14 05:00:00+00:00,10.22,10.26,10.04,10.17,10.17,32345.0
2024-02-15 05:00:00+00:00,10.13,10.54,10.13,10.5,10.5,36906.0
2024-02-16 05:00:00+00:00,10.62,10.71,10.38,10.38,10.38,35989.0
2024-02-20 05:00:00+00:00,10.35,10.38,10.1,10.13,10.13,35487.0
2024-02-21 05:00:00+00:00,10.09,10.26,9.909,9.946,9.946,38941.0
2024-02-22 05:00:00+00:00,9.845,10.04,9.789,10.03,10.03,36688.0
2024-02-23 05:00:00+00:00,9.808,9.927,9.771,9.872,9.872,13137.0
2024-02-26 05:00:00+00:00,9.826,9.969,9.812,9.927,9.927,19962.0
2024-02-27 05:00:00+00:00,9.845,9.909,9.789,9.822,9.822,28057.0
2024-02-28 05:00:00+00:00,9.868,9.969,9.812,9.886,9.886,20923.0
2024-02-29 05:00:00+00:00,9.872,9.973,9.776,9.927,9.927,44421.0
2024-03-01 05:00:00+00:00,9.992,10.19,9.992,10.1,10.1,32017.0
2024-03-04 05:00:00+00:00,10.07,10.15,9.969,10.08,10.08,92006.0
2024-03-05 05:00:00+00:00,10.27,10.41,10.23,10.29,10.29,41843.0
2024-03-06 05:00:00+00:00,10.22,10.34,10.17,10.2,10.2,25739.0
2024-03-07 05:00:00+00:00,10.23,10.24,10.15,10.19,10.19,17557.0
2024-03-08 05:00:00+00:00,10.23,10.24,10.18,10.19,10.19,9111.0
2024-03-11 04:00:00+00:00,10.12,10.12,9.936,9.973,9.973,51303.0
2024-03-12 04:00:00+00:00,9.909,9.996,9.845,9.932,9.932,32351.0
2024-03-13 04:00:00+00:00,10.01,10.01,9.909,9.936,9.936,24423.0
2024-03-14 04:00:00+00:00,9.909,10.26,9.872,10.26,10.26,31814.0
2024-03-15 04:00:00+00:00,10.37,10.47,10.24,10.3,10.3,109340.0
2024-03-18 04:00:00+00:00,10.15,10.23,10.06,10.18,10.18,35339.0
2024-03-19 04:00:00+00:00,10.16,10.32,10.12,10.2,10.2,38291.0
2024-03-20 04:00:00+00:00,10.0,10.09,9.923,10.03,10.03,56867.0
2024-03-21 04:00:00+00:00,10.47,10.54,10.29,10.51,10.51,68761.0
2024-03-22 04:00:00+00:00,10.47,10.47,10.21,10.23,10.23,118491.0
2024-03-25 04:00:00+00:00,10.29,10.53,10.28,10.45,10.45,28625.0
2024-03-26 04:00:00+00:00,10.41,10.58,10.4,10.41,10.41,26642.0
2024-03-27 04:00:00+00:00,10.46,10.49,10.42,10.49,10.49,26788.0
2024-03-28 04:00:00+00:00,10.46,10.56,10.46,10.55,10.55,31229.0
2024-04-01 04:00:00+00:00,10.69,10.82,10.68,10.79,10.79,47032.0
2024-04-02 04:00:00+00:00,10.63,10.67,10.57,10.63,10.63,24211.0
2024-04-03 04:00:00+00:00,10.72,10.91,10.72,10.91,10.91,25850.0
2024-04-04 04:00:00+00:00,10.93,10.97,10.85,10.85,10.85,21560.0
2024-04-05 04:00:00+00:00,10.91,10.91,10.7,10.7,10.7,9861.0
2024-04-08 04:00:00+00:00,10.52,10.69,10.48,10.58,10.58,18390.0
2024-04-09 04:00:00+00:00,10.73,10.73,10.39,10.45,10.45,28143.0
2024-04-10 04:00:00+00:00,10.4,10.59,10.36,10.45,10.45,50746.0
2024-04-11 04:00:00+00:00,10.7,10.78,10.59,10.6,10.6,27551.0
2024-04-12 04:00:00+00:00,10.69,10.75,10.41,10.44,10.44,26457.0
2024-04-15 04:00:00+00:00,10.53,10.57,10.32,10.37,10.37,12645.0
2024-04-16 04:00:00+00:00,10.18,10.36,10.12,10.34,10.34,22111.0
2024-04-17 04:00:00+00:00,10.4,10.46,10.33,10.36,10.36,18439.0
2024-04-18 04:00:00+00:00,10.25,10.36,10.13,10.16,10.16,22804.0
2024-04-19 04:00:00+00:00,10.21,10.37,10.14,10.35,10.35,23734.0
2024-04-22 04:00:00+00:00,10.26,10.36,10.13,10.27,10.27,17093.0
2024-04-23 04:00:00+00:00,10.21,10.42,10.21,10.4,10.4,28966.0
2024-04-24 04:00:00+00:00,10.38,10.42,10.32,10.35,10.35,15462.0
2024-04-25 04:00:00+00:00,10.29,10.54,10.29,10.54,10.54,26726.0
2024-04-26 04:00:00+00:00,10.53,10.63,10.48,10.55,10.55,25815.0
2024-04-29 04:00:00+00:00,10.52,10.6,10.51,10.56,10.56,35849.0
2024-04-30 04:00:00+00:00,10.56,10.56,10.43,10.5,10.5,31525.0
2024-05-01 04:00:00+00:00,10.56,10.56,10.39,10.46,10.46,30983.0
2024-05-02 04:00:00+00:00,10.47,10.81,10.46,10.81,10.81,20712.0
2024-05-03 04:00:00+00:00,10.81,10.82,10.59,10.67,10.67,38948.0
2024-05-06 04:00:00+00:00,10.74,10.83,10.61,10.67,10.67,66939.0
2024-05-07 04:00:00+00:00,10.64,10.73,10.56,10.68,10.68,40658.0
2024-05-08 04:00:00+00:00,10.63,11.08,10.61,11.07,11.07,23835.0
2024-05-09 04:00:00+00:00,11.08,11.26,11.07,11.1,11.1,51774.0
2024-05-10 04:00:00+00:00,11.3,11.33,11.08,11.11,11.11,54137.0
2024-05-13 04:00:00+00:00,11.2,11.22,11.13,11.15,11.15,35054.0
2024-05-14 04:00:00+00:00,11.16,11.22,11.11,11.22,11.22,36747.0
2024-05-15 04:00:00+00:00,11.03,11.41,10.96,11.29,11.29,59277.0
2024-05-16 04:00:00+00:00,11.33,11.63,11.33,11.62,11.62,50170.0
2024-05-17 04:00:00+00:00,11.63,11.63,11.4,11.47,11.47,16461.0
2024-05-20 04:00:00+00:00,11.61,11.75,11.59,11.59,11.59,49469.0
2024-05-21 04:00:00+00:00,11.7,11.74,11.63,11.67,11.67,39048.0
2024-05-22 04:00:00+00:00,11.57,11.59,11.27,11.36,11.36,33528.0
2024-05-23 04:00:00+00:00,11.52,11.52,11.33,11.41,11.41,22861.0
2024-05-24 04:00:00+00:00,11.54,11.55,11.45,11.5,11.5,25833.0
2024-05-28 04:00:00+00:00,11.5,11.5,11.37,11.46,11.46,15264.0
2024-05-29 04:00:00+00:00,11.41,11.41,11.26,11.28,11.28,20133.0
2024-05-30 04:00:00+00:00,11.3,11.48,11.27,11.48,11.48,28505.0
2024-05-31 04:00:00+00:00,11.53,11.53,11.37,11.37,11.37,35794.0
2024-06-03 04:00:00+00:00,11.4,11.44,11.27,11.34,11.34,11761.0
2024-06-04 04:00:00+00:00,11.14,11.26,10.95,10.98,10.98,41572.0
2024-06-05 04:00:00+00:00,11.03,11.18,11.01,11.13,11.13,22319.0
2024-06-06 04:00:00+00:00,11.13,11.13,10.98,11.06,11.06,14973.0
2024-06-07 04:00:00+00:00,10.95,10.97,10.85,10.89,10.89,21116.0
2024-06-10 04:00:00+00:00,10.93,11.07,10.93,11.04,11.04,12540.0
2024-06-11 04:00:00+00:00,10.82,10.97,10.79,10.88,10.88,39389.0
2024-06-12 04:00:00+00:00,10.95,11.16,10.95,11.03,11.03,22222.0
2024-06-13 04:00:00+00:00,10.94,10.95,10.59,10.69,10.69,51252.0
2024-06-14 04:00:00+00:00,10.55,10.68,10.52,10.53,10.53,37493.0
2024-06-17 04:00:00+00:00,10.57,10.57,10.43,10.52,10.52,24058.0
2024-06-18 04:00:00+00:00,10.62,10.72,10.62,10.69,10.69,16118.0
2024-06-20 04:00:00+00:00,10.79,11.21,10.74,10.95,10.95,40858.0
2024-06-21 04:00:00+00:00,11.04,11.13,10.91,10.97,10.97,37462.0
2024-06-24 04:00:00+00:00,11.06,11.09,10.97,11.02,11.02,36079.0
2024-06-25 04:00:00+00:00,11.04,11.04,10.87,10.97,10.97,19649.0
2024-06-26 04:00:00+00:00,11.02,11.22,10.99,11.19,11.19,89770.0
2024-06-27 04:00:00+00:00,11.16,11.16,11.01,11.1,11.1,31524.0
2024-06-28 04:00:00+00:00,11.15,11.15,10.79,10.88,10.88,64787.0
2024-07-01 04:00:00+00:00,10.79,10.82,10.61,10.71,10.71,28886.0
2024-07-02 04:00:00+00:00,10.68,10.71,10.49,10.67,10.67,47884.0
2024-07-03 04:00:00+00:00,10.79,10.87,10.69,10.71,10.71,27350.0
2024-07-05 04:00:00+00:00,10.65,10.65,10.21,10.29,10.29,57528.0
2024-07-08 04:00:00+00:00,10.2,10.26,10.08,10.13,10.13,104346.0
2024-07-09 04:00:00+00:00,10.15,10.18,10.1,10.13,10.13,34049.0
2024-07-10 04:00:00+00:00,10.18,10.22,10.11,10.19,10.19,30683.0
2024-07-11 04:00:00+00:00,10.16,10.2,10.08,10.2,10.2,61650.0
2024-07-12 04:00:00+00:00,10.32,10.34,10.21,10.26,10.26,53634.0
2024-07-15 04:00:00+00:00,10.39,10.5,10.32,10.37,10.37,33114.0
2024-07-16 04:00:00+00:00,10.4,10.45,10.33,10.43,10.43,14204.0
2024-07-17 04:00:00+00:00,10.38,10.51,10.3,10.47,10.47,54272.0
2024-07-18 04:00:00+00:00,10.38,10.5,10.35,10.5,10.5,27331.0
2024-07-19 04:00:00+00:00,10.55,10.58,10.43,10.56,10.56,27497.0
2024-07-22 04:00:00+00:00,10.73,11.31,10.73,11.3,11.3,54574.0
2024-07-23 04:00:00+00:00,11.14,11.36,11.07,11.33,11.33,58766.0
2024-07-24 04:00:00+00:00,11.11,11.12,10.9,10.91,10.91,51118.0
2024-07-25 04:00:00+00:00,10.89,10.89,10.65,10.66,10.66,48652.0
2024-07-26 04:00:00+00:00,10.7,10.88,10.62,10.86,10.86,37544.0
2024-07-29 04:00:00+00:00,11.02,11.04,10.82,11.01,11.01,27029.0
2024-07-30 04:00:00+00:00,10.92,10.99,10.85,10.95,10.95,59892.0
2024-07-31 04:00:00+00:00,11.03,11.1,10.91,11.05,11.05,51510.0
2024-08-01 04:00:00+00:00,10.99,11.02,10.78,10.86,10.86,104046.0
2024-08-02 04:00:00+00:00,10.54,10.6,10.45,10.58,10.58,56779.0
2024-08-05 04:00:00+00:00,10.11,10.35,9.892,10.32,10.32,95113.0
2024-08-06 04:00:00+00:00,10.24,10.47,10.22,10.44,10.44,55908.0
2024-08-07 04:00:00+00:00,10.56,10.56,10.24,10.31,10.31,50067.0
2024-08-08 04:00:00+00:00,10.21,10.32,10.13,10.32,10.32,52094.0
2024-08-09 04:00:00+00:00,10.24,10.29,10.16,10.28,10.28,70465.0
2024-08-12 04:00:00+00:00,10.37,10.58,10.37,10.47,10.47,81742.0
2024-08-13 04:00:00+00:00,10.1,10.24,9.939,10.1,10.1,142230.0
2024-08-14 04:00:00+00:00,10.2,10.33,10.16,10.26,10.26,68797.0
2024-08-15 04:00:00+00:00,10.56,10.78,10.45,10.67,10.67,142515.0
2024-08-16 04:00:00+00:00,10.79,10.83,10.63,10.67,10.67,52917.0
2024-08-19 04:00:00+00:00,10.55,10.69,10.53,10.63,10.63,38479.0
2024-08-20 04:00:00+00:00,10.54,10.56,10.44,10.45,10.45,67099.0
2024-08-21 04:00:00+00:00,10.5,10.58,10.39,10.42,10.42,50417.0
2024-08-22 04:00:00+00:00,10.36,10.36,10.17,10.2,10.2,66873.0
2024-08-23 04:00:00+00:00,10.23,10.55,10.2,10.3,10.3,46412.0
2024-08-26 04:00:00+00:00,10.5,10.51,10.32,10.38,10.38,47445.0
2024-08-27 04:00:00+00:00,10.31,10.39,10.23,10.38,10.38,34194.0
2024-08-28 04:00:00+00:00,10.31,10.31,10.05,10.17,10.17,47973.0
2024-08-29 04:00:00+00:00,10.18,10.28,10.11,10.26,10.26,76309.0
2024-08-30 04:00:00+00:00,10.36,10.68,10.36,10.44,10.44,81187.0
2024-09-03 04:00:00+00:00,10.21,10.29,10.05,10.07,10.07,61447.0
2024-09-04 04:00:00+00:00,9.998,10.11,9.93,9.978,9.978,46570.0
2024-09-05 04:00:00+00:00,9.988,10.1,9.964,10.06,10.06,155725.0
2024-09-06 04:00:00+00:00,10.11,10.21,9.983,10.13,10.13,77754.0
2024-09-09 04:00:00+00:00,10.03,10.04,9.93,9.949,9.949,68953.0
2024-09-10 04:00:00+00:00,9.993,10.01,9.785,9.892,9.892,64001.0
2024-09-11 04:00:00+00:00,9.978,10.27,9.935,10.25,10.25,71809.0
2024-09-12 04:00:00+00:00,10.51,10.63,10.3,10.55,10.55,92129.0
2024-09-13 04:00:00+00:00,10.6,10.78,10.52,10.56,10.56,72309.0
2024-09-16 04:00:00+00:00,10.66,10.77,10.63,10.77,10.77,41958.0
2024-09-17 04:00:00+00:00,10.78,10.84,10.68,10.79,10.79,50820.0
2024-09-18 04:00:00+00:00,10.85,10.96,10.74,10.81,10.81,50726.0
2024-09-19 04:00:00+00:00,10.86,10.94,10.82,10.9,10.9,39978.0
2024-09-20 04:00:00+00:00,10.55,10.63,10.29,10.41,10.41,137932.0
2024-09-23 04:00:00+00:00,10.32,10.43,10.31,10.35,10.35,21815.0
2024-09-24 04:00:00+00:00,10.46,10.58,10.41,10.57,10.57,46706.0
2024-09-25 04:00:00+00:00,10.41,10.43,10.17,10.17,10.17,31588.0
2024-09-26 04:00:00+00:00,10.37,10.74,10.37,10.68,10.68,93190.0
2024-09-27 04:00:00+00:00,10.63,10.74,10.62,10.67,10.67,43336.0
2024-09-30 04:00:00+00:00,10.69,10.69,10.52,10.62,10.62,50442.0
2024-10-01 04:00:00+00:00,10.5,10.97,10.48,10.82,10.82,65585.0
2024-10-02 04:00:00+00:00,11.02,11.09,10.94,11.06,11.06,82952.0
2024-10-03 04:00:00+00:00,11.06,11.62,11.04,11.61,11.61,121553.0
2024-10-04 04:00:00+00:00,11.61,11.61,11.41,11.46,11.46,68526.0
2024-10-07 04:00:00+00:00,11.53,11.68,11.53,11.64,11.64,35164.0
2024-10-08 04:00:00+00:00,11.4,11.58,11.21,11.47,11.47,132552.0
2024-10-09 04:00:00+00:00,11.37,11.37,11.13,11.18,11.18,61506.0
2024-10-10 04:00:00+00:00,11.25,11.37,11.21,11.36,11.36,45819.0
2024-10-11 04:00:00+00:00,11.31,11.33,11.14,11.3,11.3,65281.0
2024-10-14 04:00:00+00:00,11.16,11.18,10.93,10.94,10.94,27507.0
2024-10-15 04:00:00+00:00,10.8,10.95,10.63,10.63,10.63,49366.0
2024-10-16 04:00:00+00:00,10.76,10.85,10.72,10.81,10.81,36511.0
2024-10-17 04:00:00+00:00,10.82,10.95,10.68,10.93,10.93,41146.0
2024-10-18 04:00:00+00:00,11.01,11.03,10.9,10.98,10.98,40869.0
2024-10-21 04:00:00+00:00,11.09,11.09,10.74,10.8,10.8,37320.0
2024-10-22 04:00:00+00:00,10.72,10.74,10.48,10.49,10.49,49745.0
2024-10-23 04:00:00+00:00,10.19,10.26,9.983,10.0,10.0,112957.0
2024-10-24 04:00:00+00:00,10.03,10.14,9.983,10.13,10.13,78166.0
2024-10-25 04:00:00+00:00,10.15,10.3,10.13,10.18,10.18,45780.0
2024-10-28 04:00:00+00:00,10.06,10.32,10.06,10.23,10.23,63698.0
2024-10-29 04:00:00+00:00,10.27,10.35,10.16,10.22,10.22,51236.0
2024-10-30 04:00:00+00:00,10.15,10.15,9.901,9.925,9.925,68298.0
2024-10-31 04:00:00+00:00,10.0,10.06,9.781,9.949,9.949,84654.0
2024-11-01 04:00:00+00:00,9.978,9.998,9.892,9.93,9.93,48565.0
2024-11-04 05:00:00+00:00,9.843,9.882,9.728,9.747,9.747,27218.0
2024-11-05 05:00:00+00:00,9.766,9.824,9.617,9.67,9.67,42013.0
2024-11-06 05:00:00+00:00,9.766,10.07,9.631,10.05,10.05,78612.0
2024-11-07 05:00:00+00:00,10.28,10.3,10.17,10.2,10.2,56109.0
2024-11-08 05:00:00+00:00,10.13,10.22,9.998,10.08,10.08,80503.0
2024-11-11 05:00:00+00:00,10.01,10.07,9.901,9.94,9.94,62342.0
2024-11-12 05:00:00+00:00,9.776,9.834,9.708,9.795,9.795,60511.0
2024-11-13 05:00:00+00:00,10.03,10.42,9.949,10.34,10.34,106349.0
2024-11-14 05:00:00+00:00,10.47,10.64,10.3,10.41,10.41,103970.0
2024-11-15 05:00:00+00:00,10.38,10.38,10.05,10.08,10.08,55272.0
2024-11-18 05:00:00+00:00,10.19,10.38,10.19,10.36,10.36,60838.0
2024-11-19 05:00:00+00:00,10.36,10.38,10.23,10.25,10.25,42825.0
2024-11-20 05:00:00+00:00,10.2,10.24,10.03,10.16,10.16,73178.0
2024-11-21 05:00:00+00:00,9.988,10.04,9.858,9.988,9.988,88656.0
2024-11-22 05:00:00+00:00,9.907,10.11,9.888,10.06,10.06,40133.0
2024-11-25 05:00:00+00:00,10.05,10.05,9.799,9.848,9.848,68804.0
2024-11-26 05:00:00+00:00,9.735,9.863,9.572,9.602,9.602,102210.0
2024-11-27 05:00:00+00:00,9.311,9.568,9.198,9.494,9.494,98747.0
2024-11-29 05:00:00+00:00,9.376,9.444,9.223,9.297,9.297,71157.0
2024-12-02 05:00:00+00:00,9.129,9.292,9.09,9.247,9.247,52673.0
2024-12-03 05:00:00+00:00,9.366,9.824,9.203,9.769,9.769,116191.0
2024-12-04 05:00:00+00:00,9.577,9.632,9.44,9.563,9.563,52508.0
2024-12-05 05:00:00+00:00,9.572,9.661,9.42,9.454,9.454,54126.0
2024-12-06 05:00:00+00:00,9.474,9.474,9.124,9.277,9.277,62976.0
2024-12-09 05:00:00+00:00,9.454,9.553,9.356,9.376,9.376,58356.0
2024-12-10 05:00:00+00:00,9.346,9.479,9.203,9.218,9.218,85664.0
2024-12-11 05:00:00+00:00,9.218,9.267,8.937,8.952,8.952,59903.0
2024-12-12 05:00:00+00:00,8.686,8.785,8.568,8.78,8.78,85778.0
2024-12-13 05:00:00+00:00,8.794,8.991,8.716,8.982,8.982,61919.0
2024-12-16 05:00:00+00:00,8.804,8.888,8.75,8.814,8.814,56694.0
2024-12-17 05:00:00+00:00,8.657,8.962,8.612,8.863,8.863,96415.0
2024-12-18 05:00:00+00:00,8.908,9.031,8.814,8.854,8.854,119872.0
2024-12-19 05:00:00+00:00,8.814,8.844,8.686,8.765,8.765,65260.0
2024-12-20 05:00:00+00:00,8.652,8.927,8.652,8.819,8.819,54854.0
2024-12-23 05:00:00+00:00,8.814,8.982,8.814,8.972,8.972,2650.0
2024-12-24 05:00:00+00:00,9.179,9.336,9.11,9.297,9.297,12442.0
2024-12-26 05:00:00+00:00,9.169,9.262,9.119,9.183,9.183,23453.0
2024-12-27 05:00:00+00:00,9.164,9.169,9.021,9.1,9.1,71805.0
2024-12-30 05:00:00+00:00,9.06,9.075,8.937,9.031,9.031,32154.0
2024-12-31 05:00:00+00:00,9.11,9.223,9.11,9.159,9.159,18201.0
2025-01-02 05:00:00+00:00,9.336,9.543,9.336,9.504,9.504,47203.0
2025-01-03 05:00:00+00:00,9.425,9.435,9.198,9.208,9.208,23452.0
2025-01-06 05:00:00+00:00,9.193,9.444,9.149,9.188,9.188,29390.0
2025-01-07 05:00:00+00:00,9.74,10.11,9.7,9.858,9.858,153564.0
2025-01-08 05:00:00+00:00,9.681,9.986,9.671,9.897,9.897,42039.0
2025-01-10 05:00:00+00:00,10.48,10.71,10.36,10.54,10.54,124585.0
2025-01-13 05:00:00+00:00,10.81,11.08,10.69,10.93,10.93,119606.0
2025-01-14 05:00:00+00:00,10.66,11.03,10.66,11.01,11.01,73235.0
2025-01-15 05:00:00+00:00,10.96,11.23,10.83,11.22,11.22,103343.0
2025-01-16 05:00:00+00:00,11.0,11.03,10.72,10.73,10.73,93885.0
2025-01-17 05:00:00+00:00,10.53,10.79,10.46,10.6,10.6,117738.0
2025-01-21 05:00:00+00:00,10.46,10.48,10.14,10.16,10.16,87339.0
2025-01-22 05:00:00+00:00,10.12,10.64,10.12,10.54,10.54,101595.0
2025-01-23 05:00:00+00:00,10.45,10.79,10.45,10.78,10.78,100210.0
2025-01-24 05:00:00+00:00,10.79,10.79,10.35,10.64,10.64,67095.0
2025-01-27 05:00:00+00:00,10.67,10.81,10.51,10.7,10.7,59428.0
2025-01-28 05:00:00+00:00,10.8,10.88,10.71,10.87,10.87,45227.0
2025-01-29 05:00:00+00:00,10.92,11.06,10.79,11.05,11.05,114090.0
2025-01-30 05:00:00+00:00,11.0,11.41,10.94,11.36,11.36,73093.0
2025-01-31 05:00:00+00:00,11.38,11.39,11.15,11.15,11.15,57623.0
2025-02-03 05:00:00+00:00,11.0,11.31,11.0,11.27,11.27,65488.0
2025-02-04 05:00:00+00:00,11.13,11.9,10.94,11.66,11.66,262765.0
2025-02-05 05:00:00+00:00,11.48,11.67,11.46,11.62,11.62,144382.0
2025-02-06 05:00:00+00:00,11.95,12.02,11.18,11.34,11.34,130119.0
2025-02-07 05:00:00+00:00,11.39,11.46,11.11,11.2,11.2,60896.0
2025-02-10 05:00:00+00:00,11.22,11.32,10.87,11.14,11.14,37505.0
2025-02-11 05:00:00+00:00,11.11,11.11,10.87,10.91,10.91,41513.0
2025-02-12 05:00:00+00:00,11.03,11.29,11.03,11.08,11.08,99693.0
2025-02-13 05:00:00+00:00,11.05,11.23,10.88,10.93,10.93,75035.0
2025-02-14 05:00:00+00:00,11.4,11.48,10.98,11.02,11.02,79820.0
2025-02-18 05:00:00+00:00,10.975,11.23,10.97,11.03,11.03,71303.0
2025-02-19 05:00:00+00:00,11.08,11.255,10.98,11.08,11.08,107985.0
2025-02-20 05:00:00+00:00,10.87,11.045,10.81,10.955,10.955,103183.0
2025-02-21 05:00:00+00:00,10.955,11.03,10.815,10.84,10.84,59888.0
2025-02-24 05:00:00+00:00,10.78,10.8,10.65,10.73,10.73,116894.0
2025-02-25 05:00:00+00:00,10.705,10.84,10.58,10.58,10.58,77480.0
2025-02-26 05:00:00+00:00,10.6,10.71,10.55,10.65,10.65,84626.0
2025-02-27 05:00:00+00:00,10.63,10.63,10.19,10.2,10.2,112822.0
2025-02-28 05:00:00+00:00,10.22,10.54,10.22,10.345,10.345,64760.0
2025-03-03 05:00:00+00:00,10.555,10.795,10.265,10.41,10.41,104678.0
2025-03-04 05:00:00+00:00,10.23,10.625,10.11,10.52,10.52,112395.0
2025-03-05 05:00:00+00:00,10.54,10.63,10.315,10.36,10.36,70050.0
2025-03-06 05:00:00+00:00,10.485,10.62,10.445,10.61,10.61,44310.0
2025-03-07 05:00:00+00:00,10.67,10.845,10.56,10.76,10.76,78088.0
2025-03-10 04:00:00+00:00,10.45,10.45,10.15,10.24,10.24,105158.0
2025-03-11 04:00:00+00:00,10.445,10.505,10.09,10.21,10.21,72706.0
2025-03-12 04:00:00+00:00,10.22,10.37,10.21,10.27,10.27,45138.0
2025-03-13 04:00:00+00:00,10.305,10.46,10.265,10.29,10.29,41868.0
2025-03-14 04:00:00+00:00,10.24,10.53,10.24,10.515,10.515,71852.0
2025-03-17 04:00:00+00:00,10.665,10.83,10.61,10.67,10.67,78307.0
2025-03-18 04:00:00+00:00,10.62,10.74,10.575,10.64,10.64,75300.0
2025-03-19 04:00:00+00:00,10.875,11.13,10.83,11.065,11.065,63466.0
2025-03-20 04:00:00+00:00,10.89,11.185,10.84,11.13,11.13,90316.0
2025-03-21 04:00:00+00:00,10.97,10.99,10.65,10.69,10.69,127819.0
2025-03-24 04:00:00+00:00,10.74,10.92,10.74,10.89,10.89,68319.0
2025-03-25 04:00:00+00:00,11.01,11.07,10.81,10.87,10.87,90626.0
2025-03-26 04:00:00+00:00,10.915,10.915,10.69,10.88,10.88,92276.0
2025-03-27 04:00:00+00:00,10.82,10.82,10.52,10.52,10.52,69223.0
2025-03-28 04:00:00+00:00,10.555,10.805,10.54,10.71,10.71,48138.0
2025-03-31 04:00:00+00:00,10.58,10.65,10.44,10.495,10.495,87098.0
2025-04-01 04:00:00+00:00,10.59,10.73,10.53,10.57,10.57,99031.0
2025-04-02 04:00:00+00:00,10.51,10.51,10.24,10.37,10.37,174224.0
2025-04-03 04:00:00+00:00,10.05,10.3,9.91,10.0,10.0,135009.0
2025-04-04 04:00:00+00:00,9.42,9.485,8.995,9.445,9.445,240482.0
