Date,Open,High,Low,Close,Adj Close,Volume
2020-07-27 04:00:00+00:00,67.14,69.87,67.14,69.77,69.77,74011.0
2020-07-28 04:00:00+00:00,69.19,69.19,67.81,67.92,67.92,60932.0
2020-07-29 04:00:00+00:00,68.71,71.55,68.71,71.4,71.4,137837.0
2020-07-30 04:00:00+00:00,70.07,73.38,70.0,72.31,72.31,94129.0
2020-07-31 04:00:00+00:00,71.45,71.89,70.05,71.88,71.88,54457.0
2020-08-03 04:00:00+00:00,71.67,74.08,71.67,73.72,73.72,50199.0
2020-08-04 04:00:00+00:00,73.08,73.14,72.55,72.86,72.86,44638.0
2020-08-05 04:00:00+00:00,74.25,74.25,73.01,73.72,73.72,30496.0
2020-08-06 04:00:00+00:00,73.82,73.93,73.01,73.68,73.68,34626.0
2020-08-07 04:00:00+00:00,73.63,75.1,73.63,74.94,74.94,30737.0
2020-08-10 04:00:00+00:00,74.96,76.2,74.69,76.13,76.13,20282.0
2020-08-11 04:00:00+00:00,77.02,77.22,76.07,76.2,76.2,136867.0
2020-08-12 04:00:00+00:00,76.96,78.42,76.42,78.06,78.06,70735.0
2020-08-13 04:00:00+00:00,77.6,78.61,77.29,78.29,78.29,25796.0
2020-08-14 04:00:00+00:00,77.65,78.09,77.65,78.01,78.01,57711.0
2020-08-17 04:00:00+00:00,78.29,80.62,78.29,80.44,80.44,38010.0
2020-08-18 04:00:00+00:00,80.62,80.78,78.77,78.88,78.88,69372.0
2020-08-19 04:00:00+00:00,78.91,79.28,78.59,78.62,78.62,39564.0
2020-08-20 04:00:00+00:00,77.7,78.51,77.55,78.04,78.04,53892.0
2020-08-21 04:00:00+00:00,78.09,80.02,78.09,80.02,80.02,43848.0
2020-08-24 04:00:00+00:00,80.35,80.62,79.32,80.22,80.22,90473.0
2020-08-25 04:00:00+00:00,80.52,80.61,78.64,80.32,80.32,62551.0
2020-08-26 04:00:00+00:00,80.1,80.54,79.59,80.4,80.4,30567.0
2020-08-27 04:00:00+00:00,81.07,81.27,79.14,80.07,80.07,51025.0
2020-08-28 04:00:00+00:00,79.94,81.13,79.94,80.47,80.47,48784.0
2020-08-31 04:00:00+00:00,80.48,80.54,79.17,79.25,79.25,44950.0
2020-09-01 04:00:00+00:00,79.03,80.8,79.03,80.8,80.8,27770.0
2020-09-02 04:00:00+00:00,80.68,81.72,80.26,81.41,81.41,22416.0
2020-09-03 04:00:00+00:00,80.85,80.85,77.39,78.25,78.25,30206.0
2020-09-04 04:00:00+00:00,79.42,79.5,75.87,77.83,77.83,56419.0
2020-09-08 04:00:00+00:00,76.18,78.29,76.06,76.76,76.76,23227.0
2020-09-09 04:00:00+00:00,77.36,78.26,77.12,77.78,77.78,43690.0
2020-09-10 04:00:00+00:00,79.08,79.08,77.02,77.3,77.3,49450.0
2020-09-11 04:00:00+00:00,77.99,78.08,77.0,77.89,77.89,63199.0
2020-09-14 04:00:00+00:00,78.47,78.96,77.73,78.96,78.96,59232.0
2020-09-15 04:00:00+00:00,79.19,80.31,78.91,79.24,79.24,41950.0
2020-09-16 04:00:00+00:00,80.12,81.41,79.14,80.26,80.26,47853.0
2020-09-17 04:00:00+00:00,79.24,80.59,78.8,79.9,79.9,38124.0
2020-09-18 04:00:00+00:00,79.82,80.21,78.75,79.38,79.38,40746.0
2020-09-21 04:00:00+00:00,77.88,77.88,75.41,77.55,77.55,33074.0
2020-09-22 04:00:00+00:00,78.6,79.84,78.15,79.58,79.58,53869.0
2020-09-23 04:00:00+00:00,79.62,80.14,77.56,77.56,77.56,34604.0
2020-09-24 04:00:00+00:00,77.35,78.57,76.68,77.31,77.31,17257.0
2020-09-25 04:00:00+00:00,77.09,78.84,76.96,78.29,78.29,43836.0
2020-09-28 04:00:00+00:00,79.64,81.44,79.62,80.77,80.77,28342.0
2020-09-29 04:00:00+00:00,80.96,81.51,80.01,80.42,80.42,29702.0
2020-09-30 04:00:00+00:00,80.69,82.29,80.69,81.6,81.6,33754.0
2020-10-01 04:00:00+00:00,82.34,83.01,81.14,82.6,82.6,71111.0
2020-10-02 04:00:00+00:00,81.53,82.9,81.28,82.5,82.5,58594.0
2020-10-05 04:00:00+00:00,83.38,83.71,83.04,83.68,83.68,83572.0
2020-10-06 04:00:00+00:00,83.95,84.33,82.09,82.28,82.28,49308.0
2020-10-07 04:00:00+00:00,83.2,83.39,81.79,82.56,82.56,65010.0
2020-10-08 04:00:00+00:00,82.87,84.34,82.87,84.06,84.06,27513.0
2020-10-09 04:00:00+00:00,84.74,85.03,83.4,83.55,83.55,27603.0
2020-10-12 04:00:00+00:00,84.15,84.19,83.53,83.98,83.98,38662.0
2020-10-13 04:00:00+00:00,83.79,83.9,82.75,83.15,83.15,43844.0
2020-10-14 04:00:00+00:00,83.7,84.3,83.23,83.32,83.32,33367.0
2020-10-15 04:00:00+00:00,82.4,84.66,82.26,84.6,84.6,37820.0
2020-10-16 04:00:00+00:00,84.9,85.62,84.57,85.02,85.02,45481.0
2020-10-19 04:00:00+00:00,85.14,85.14,81.76,81.82,81.82,42192.0
2020-10-20 04:00:00+00:00,82.51,84.03,82.33,82.59,82.59,42512.0
2020-10-21 04:00:00+00:00,82.73,83.43,80.57,80.97,80.97,54315.0
2020-10-22 04:00:00+00:00,81.35,81.37,79.65,80.25,80.25,57545.0
2020-10-23 04:00:00+00:00,81.03,81.27,79.4,80.5,80.5,64713.0
2020-10-26 04:00:00+00:00,79.75,79.75,76.75,77.3,77.3,53184.0
2020-10-27 04:00:00+00:00,77.47,77.9,76.75,76.97,76.97,60373.0
2020-10-28 04:00:00+00:00,74.89,77.66,74.55,76.7,76.7,165103.0
2020-10-29 04:00:00+00:00,76.61,79.14,76.24,77.18,77.18,209971.0
2020-10-30 04:00:00+00:00,76.76,77.36,74.91,76.24,76.24,67091.0
2020-11-02 05:00:00+00:00,77.04,79.77,77.04,79.7,79.7,81957.0
2020-11-03 05:00:00+00:00,81.0,81.0,79.42,80.17,80.17,45821.0
2020-11-04 05:00:00+00:00,79.72,83.8,79.72,82.58,82.58,109348.0
2020-11-05 05:00:00+00:00,83.7,85.18,83.3,84.03,84.03,44405.0
2020-11-06 05:00:00+00:00,84.14,84.14,81.91,83.0,83.0,45877.0
2020-11-09 05:00:00+00:00,86.62,87.22,75.43,75.43,75.43,95386.0
2020-11-10 05:00:00+00:00,76.04,76.54,74.61,75.01,75.01,122475.0
2020-11-11 05:00:00+00:00,76.08,78.24,75.35,78.24,78.24,184275.0
2020-11-12 05:00:00+00:00,77.99,79.21,76.98,77.45,77.45,88756.0
2020-11-13 05:00:00+00:00,78.6,79.74,78.6,78.88,78.88,32211.0
2020-11-16 05:00:00+00:00,79.58,79.58,77.43,77.8,77.8,61026.0
2020-11-17 05:00:00+00:00,77.65,79.02,77.1,78.57,78.57,72985.0
2020-11-18 05:00:00+00:00,78.93,79.4,78.09,78.43,78.43,54003.0
2020-11-19 05:00:00+00:00,78.49,80.47,78.37,80.23,80.23,75865.0
2020-11-20 05:00:00+00:00,80.07,80.07,78.67,79.56,79.56,53208.0
2020-11-23 05:00:00+00:00,79.93,81.48,79.92,81.12,81.12,39007.0
2020-11-24 05:00:00+00:00,81.77,81.77,79.43,79.82,79.82,71660.0
2020-11-25 05:00:00+00:00,79.82,80.57,79.33,80.21,80.21,45757.0
2020-11-27 05:00:00+00:00,80.65,81.37,80.08,80.32,80.32,18027.0
2020-11-30 05:00:00+00:00,80.13,80.33,78.45,78.85,78.85,60893.0
2020-12-01 05:00:00+00:00,79.4,79.79,77.89,78.36,78.36,71351.0
2020-12-02 05:00:00+00:00,77.33,77.7,75.15,75.71,75.71,65607.0
2020-12-03 05:00:00+00:00,76.04,78.25,76.04,77.15,77.15,63252.0
2020-12-04 05:00:00+00:00,77.37,77.55,75.79,76.49,76.49,44012.0
2020-12-07 05:00:00+00:00,76.76,79.17,76.68,78.48,78.48,39790.0
2020-12-08 05:00:00+00:00,78.14,78.7,77.61,78.38,78.38,55109.0
2020-12-09 05:00:00+00:00,79.09,80.83,79.09,79.77,79.77,69502.0
2020-12-10 05:00:00+00:00,79.05,80.35,77.85,79.29,79.29,44967.0
2020-12-11 05:00:00+00:00,78.62,79.42,78.28,78.56,78.56,41104.0
2020-12-14 05:00:00+00:00,79.19,79.78,78.52,78.52,78.52,43673.0
2020-12-15 05:00:00+00:00,79.29,81.07,79.29,80.7,80.7,53384.0
2020-12-16 05:00:00+00:00,81.07,82.12,80.99,81.47,81.47,51880.0
2020-12-17 05:00:00+00:00,81.72,84.91,81.72,83.94,83.94,66350.0
2020-12-18 05:00:00+00:00,84.33,86.55,83.29,84.69,84.69,97670.0
2020-12-21 05:00:00+00:00,83.05,85.19,83.05,83.83,83.83,54930.0
2020-12-22 05:00:00+00:00,83.93,84.3,82.68,82.91,82.91,31218.0
2020-12-23 05:00:00+00:00,83.22,83.22,81.73,82.96,82.96,33586.0
2020-12-24 05:00:00+00:00,82.84,84.12,82.84,84.12,84.12,7737.0
2020-12-28 05:00:00+00:00,84.7,84.7,81.47,81.67,81.67,34916.0
2020-12-29 05:00:00+00:00,81.97,81.97,79.68,80.48,80.48,32782.0
2020-12-30 05:00:00+00:00,80.74,81.62,80.66,81.13,81.13,28957.0
2020-12-31 05:00:00+00:00,81.43,81.43,79.82,81.03,81.03,17055.0
2021-01-04 05:00:00+00:00,81.08,81.66,79.45,80.08,80.08,53346.0
2021-01-05 05:00:00+00:00,80.36,80.99,79.7,80.0,80.0,34659.0
2021-01-06 05:00:00+00:00,80.44,82.36,80.02,81.24,81.24,77821.0
2021-01-07 05:00:00+00:00,81.3,83.72,81.03,83.6,83.6,38161.0
2021-01-08 05:00:00+00:00,83.97,84.17,81.11,81.89,81.89,38535.0
2021-01-11 05:00:00+00:00,81.0,83.03,80.57,82.73,82.73,27186.0
2021-01-12 05:00:00+00:00,82.81,84.73,82.38,84.52,84.52,45655.0
2021-01-13 05:00:00+00:00,84.66,85.91,82.84,82.99,82.99,29851.0
2021-01-14 05:00:00+00:00,84.89,85.46,83.56,84.4,84.4,58022.0
2021-01-15 05:00:00+00:00,83.25,84.35,81.83,83.37,83.37,40984.0
2021-01-19 05:00:00+00:00,84.38,85.16,83.58,83.61,83.61,29791.0
2021-01-20 05:00:00+00:00,83.76,86.84,83.76,86.8,86.8,47850.0
2021-01-21 05:00:00+00:00,86.91,87.88,85.9,87.01,87.01,46916.0
2021-01-22 05:00:00+00:00,86.49,87.67,86.3,87.41,87.41,75013.0
2021-01-25 05:00:00+00:00,87.17,88.17,85.82,86.44,86.44,43343.0
2021-01-26 05:00:00+00:00,86.49,86.49,82.7,82.87,82.87,33651.0
2021-01-27 05:00:00+00:00,81.51,81.51,79.11,79.66,79.66,61253.0
2021-01-28 05:00:00+00:00,80.12,82.91,80.1,82.54,82.54,84070.0
2021-01-29 05:00:00+00:00,81.38,82.43,79.64,81.52,81.52,81305.0
2021-02-01 05:00:00+00:00,83.12,83.97,82.06,83.52,83.52,98862.0
2021-02-02 05:00:00+00:00,84.04,85.1,83.87,84.12,84.12,62999.0
2021-02-03 05:00:00+00:00,82.75,86.0,82.3,82.41,82.41,98471.0
2021-02-04 05:00:00+00:00,82.72,85.23,82.21,83.73,83.73,58640.0
2021-02-05 05:00:00+00:00,84.29,84.44,83.54,83.56,83.56,68532.0
2021-02-08 05:00:00+00:00,83.8,86.54,83.8,86.47,86.47,42936.0
2021-02-09 05:00:00+00:00,86.11,87.29,85.98,86.69,86.69,61224.0
2021-02-10 05:00:00+00:00,87.23,87.3,84.58,85.18,85.18,27403.0
2021-02-11 05:00:00+00:00,85.28,85.69,84.03,85.36,85.36,20107.0
2021-02-12 05:00:00+00:00,85.01,85.78,83.65,84.89,84.89,72885.0
2021-02-16 05:00:00+00:00,84.9,84.9,81.18,81.23,81.23,89097.0
2021-02-17 05:00:00+00:00,81.0,81.62,79.59,80.97,80.97,58488.0
2021-02-18 05:00:00+00:00,80.8,81.9,80.55,81.03,81.03,33012.0
2021-02-19 05:00:00+00:00,81.59,82.96,81.59,82.68,82.68,26226.0
2021-02-22 05:00:00+00:00,81.59,83.39,81.38,82.15,82.15,35685.0
2021-02-23 05:00:00+00:00,80.75,82.85,79.95,82.85,82.85,53363.0
2021-02-24 05:00:00+00:00,82.29,83.49,81.39,82.5,82.5,50937.0
2021-02-25 05:00:00+00:00,82.44,82.44,78.68,79.13,79.13,71220.0
2021-02-26 05:00:00+00:00,79.26,80.28,78.76,78.76,78.76,80489.0
2021-03-01 05:00:00+00:00,80.42,82.84,80.42,81.72,81.72,38992.0
2021-03-02 05:00:00+00:00,81.76,81.92,80.02,80.75,80.75,77187.0
2021-03-03 05:00:00+00:00,80.17,80.92,78.99,79.06,79.06,54372.0
2021-03-04 05:00:00+00:00,78.92,80.28,76.23,78.04,78.04,56085.0
2021-03-05 05:00:00+00:00,78.4,81.63,77.42,81.39,81.39,70005.0
2021-03-08 05:00:00+00:00,81.43,83.43,80.86,82.55,82.55,46003.0
2021-03-09 05:00:00+00:00,83.18,83.81,82.6,82.97,82.97,42196.0
2021-03-10 05:00:00+00:00,83.41,85.82,83.39,85.19,85.19,53664.0
2021-03-11 05:00:00+00:00,85.57,86.34,84.49,84.85,84.85,30554.0
2021-03-12 05:00:00+00:00,84.43,85.44,84.42,84.91,84.91,34767.0
2021-03-15 04:00:00+00:00,84.83,85.89,83.29,85.89,85.89,32051.0
2021-03-16 04:00:00+00:00,85.83,86.01,84.37,84.76,84.76,96552.0
2021-03-17 04:00:00+00:00,84.95,86.57,84.11,86.57,86.57,101555.0
2021-03-18 04:00:00+00:00,86.41,88.43,86.01,86.88,86.88,154121.0
2021-03-19 04:00:00+00:00,87.26,87.4,85.94,86.73,86.73,119522.0
2021-03-22 04:00:00+00:00,85.56,86.2,84.13,85.96,85.96,44396.0
2021-03-23 04:00:00+00:00,85.36,86.38,82.7,82.91,82.91,45034.0
2021-03-24 04:00:00+00:00,83.7,85.36,83.63,83.74,83.74,29064.0
2021-03-25 04:00:00+00:00,83.34,86.17,82.74,85.91,85.91,27069.0
2021-03-26 04:00:00+00:00,86.25,89.11,85.9,89.11,89.11,60756.0
2021-03-29 04:00:00+00:00,88.89,89.94,88.75,89.11,89.11,72811.0
2021-03-30 04:00:00+00:00,89.0,91.2,88.74,90.91,90.91,45744.0
2021-03-31 04:00:00+00:00,91.09,92.02,90.81,90.87,90.87,52238.0
2021-04-01 04:00:00+00:00,91.37,92.16,90.92,92.08,92.08,58412.0
2021-04-05 04:00:00+00:00,93.21,93.52,91.72,92.66,92.66,17278.0
2021-04-06 04:00:00+00:00,92.94,93.49,92.25,93.36,93.36,59659.0
2021-04-07 04:00:00+00:00,93.46,93.5,92.68,93.22,93.22,45128.0
2021-04-08 04:00:00+00:00,93.62,93.62,92.68,93.25,93.25,95765.0
2021-04-09 04:00:00+00:00,93.29,96.22,93.29,95.5,95.5,82313.0
2021-04-12 04:00:00+00:00,95.5,96.31,95.46,95.68,95.68,35700.0
2021-04-13 04:00:00+00:00,95.41,95.41,93.66,94.76,94.76,10246.0
2021-04-14 04:00:00+00:00,94.44,95.37,94.31,94.73,94.73,32911.0
2021-04-15 04:00:00+00:00,95.42,96.29,95.33,95.83,95.83,59259.0
2021-04-16 04:00:00+00:00,97.17,98.15,96.7,97.82,97.82,23767.0
2021-04-20 04:00:00+00:00,96.74,97.12,94.21,95.42,95.42,23398.0
2021-04-21 04:00:00+00:00,95.32,96.96,95.32,96.56,96.56,48585.0
2021-04-22 04:00:00+00:00,97.01,97.95,96.44,96.98,96.98,35527.0
2021-04-23 04:00:00+00:00,97.29,99.57,97.29,99.39,99.39,47851.0
2021-04-26 04:00:00+00:00,100.12,100.64,99.01,99.37,99.37,46189.0
2021-04-27 04:00:00+00:00,99.44,100.54,99.43,99.6,99.6,64718.0
2021-04-28 04:00:00+00:00,99.05,99.42,98.31,98.34,98.34,82476.0
2021-04-29 04:00:00+00:00,98.51,99.72,98.5,99.45,99.45,44207.0
2021-04-30 04:00:00+00:00,99.64,101.38,98.52,99.38,99.38,142828.0
2021-05-03 04:00:00+00:00,100.47,102.55,99.92,102.21,102.21,46453.0
2021-05-04 04:00:00+00:00,101.56,103.59,101.31,103.0,103.0,52592.0
2021-05-05 04:00:00+00:00,103.06,104.07,101.66,103.3,103.3,70029.0
2021-05-06 04:00:00+00:00,103.33,103.92,102.63,103.92,103.92,30439.0
2021-05-07 04:00:00+00:00,103.5,105.88,103.34,105.75,105.75,25486.0
2021-05-10 04:00:00+00:00,106.15,108.02,105.77,106.11,106.11,36756.0
2021-05-11 04:00:00+00:00,104.83,105.7,102.82,102.99,102.99,52047.0
2021-05-12 04:00:00+00:00,102.59,103.03,98.2,98.29,98.29,46957.0
2021-05-13 04:00:00+00:00,99.55,102.34,99.55,101.77,101.77,38304.0
2021-05-14 04:00:00+00:00,101.84,102.98,101.58,102.33,102.33,24447.0
2021-05-17 04:00:00+00:00,101.58,101.58,99.5,100.83,100.83,27561.0
2021-05-18 04:00:00+00:00,100.95,100.95,98.45,98.45,98.45,51891.0
2021-05-19 04:00:00+00:00,96.89,98.63,95.87,97.59,97.59,89883.0
2021-05-20 04:00:00+00:00,97.78,99.01,97.38,98.7,98.7,24514.0
2021-05-21 04:00:00+00:00,99.48,100.04,97.94,98.03,98.03,9426.0
2021-05-24 04:00:00+00:00,98.41,99.28,98.32,98.83,98.83,14688.0
2021-05-25 04:00:00+00:00,99.44,100.1,98.62,98.81,98.81,28022.0
2021-05-26 04:00:00+00:00,98.95,100.22,98.95,99.99,99.99,19143.0
2021-05-27 04:00:00+00:00,100.49,100.49,98.5,99.83,99.83,30100.0
2021-05-28 04:00:00+00:00,100.3,100.3,98.01,98.03,98.03,52090.0
2021-06-01 04:00:00+00:00,99.51,100.07,98.44,99.22,99.22,32847.0
2021-06-02 04:00:00+00:00,98.0,98.38,96.7,96.97,96.97,20035.0
2021-06-03 04:00:00+00:00,96.67,97.21,95.88,96.73,96.73,28952.0
2021-06-04 04:00:00+00:00,97.2,97.97,96.49,97.95,97.95,21084.0
2021-06-07 04:00:00+00:00,98.25,98.25,96.43,97.05,97.05,24963.0
2021-06-08 04:00:00+00:00,96.99,97.67,96.56,97.39,97.39,50520.0
2021-06-09 04:00:00+00:00,97.58,97.58,95.12,95.18,95.18,45780.0
2021-06-10 04:00:00+00:00,95.69,95.75,93.54,93.84,93.84,19165.0
2021-06-11 04:00:00+00:00,94.23,95.0,93.28,93.7,93.7,40886.0
2021-06-14 04:00:00+00:00,93.69,93.69,92.44,93.04,93.04,33908.0
2021-06-15 04:00:00+00:00,93.34,94.51,93.34,94.02,94.02,93317.0
2021-06-16 04:00:00+00:00,93.65,94.1,92.52,93.33,93.33,110640.0
2021-06-17 04:00:00+00:00,93.34,93.57,89.81,91.41,91.41,77483.0
2021-06-18 04:00:00+00:00,90.12,91.69,90.06,91.01,91.01,43827.0
2021-06-21 04:00:00+00:00,92.1,93.24,91.84,92.93,92.93,83022.0
2021-06-22 04:00:00+00:00,93.98,94.4,93.41,93.41,93.41,41759.0
2021-06-23 04:00:00+00:00,93.4,93.4,92.23,92.53,92.53,25629.0
2021-06-24 04:00:00+00:00,93.08,93.28,92.23,92.8,92.8,23971.0
2021-06-25 04:00:00+00:00,93.09,93.44,92.19,92.47,92.47,42345.0
2021-06-28 04:00:00+00:00,92.54,94.21,92.42,93.94,93.94,102470.0
2021-06-29 04:00:00+00:00,94.56,95.73,94.21,94.8,94.8,55296.0
2021-06-30 04:00:00+00:00,94.99,95.04,94.17,94.7,94.7,38289.0
2021-07-01 04:00:00+00:00,95.4,95.4,94.33,94.68,94.68,44252.0
2021-07-02 04:00:00+00:00,94.6,94.8,94.04,94.08,94.08,21715.0
2021-07-06 04:00:00+00:00,94.1,94.1,91.04,92.41,92.41,60457.0
2021-07-07 04:00:00+00:00,92.39,94.46,92.39,94.15,94.15,31011.0
2021-07-08 04:00:00+00:00,92.31,92.42,90.82,91.45,91.45,56189.0
2021-07-09 04:00:00+00:00,93.0,93.76,92.4,93.57,93.57,35095.0
2021-07-12 04:00:00+00:00,93.37,93.58,92.75,93.58,93.58,8881.0
2021-07-13 04:00:00+00:00,93.2,93.2,91.24,91.3,91.3,27106.0
2021-07-14 04:00:00+00:00,91.4,91.92,90.62,91.45,91.45,27157.0
2021-07-15 04:00:00+00:00,91.57,92.21,90.83,91.59,91.59,38213.0
2021-07-16 04:00:00+00:00,92.02,92.04,90.5,90.63,90.63,23248.0
2021-07-19 04:00:00+00:00,89.11,90.15,88.82,89.59,89.59,42155.0
2021-07-20 04:00:00+00:00,89.94,91.49,89.45,91.14,91.14,43014.0
2021-07-21 04:00:00+00:00,92.16,92.85,91.32,92.85,92.85,24204.0
2021-07-22 04:00:00+00:00,92.81,92.81,91.22,91.56,91.56,34863.0
2021-07-23 04:00:00+00:00,92.96,93.77,92.36,93.28,93.28,26525.0
2021-07-26 04:00:00+00:00,93.59,93.59,92.33,92.44,92.44,20442.0
2021-07-27 04:00:00+00:00,91.21,93.1,90.76,92.32,92.32,71159.0
2021-07-28 04:00:00+00:00,92.74,92.75,90.75,91.85,91.85,65165.0
2021-07-29 04:00:00+00:00,91.55,93.64,90.4,91.98,91.98,91645.0
2021-07-30 04:00:00+00:00,91.71,93.21,91.71,92.56,92.56,27948.0
2021-08-02 04:00:00+00:00,93.61,94.09,92.67,93.11,93.11,72537.0
2021-08-03 04:00:00+00:00,92.71,95.27,92.71,95.17,95.17,31226.0
2021-08-04 04:00:00+00:00,94.46,95.89,93.9,94.2,94.2,140803.0
2021-08-05 04:00:00+00:00,94.61,95.16,93.95,94.28,94.28,30674.0
2021-08-06 04:00:00+00:00,95.42,95.42,94.42,94.74,94.74,31864.0
2021-08-09 04:00:00+00:00,93.67,94.32,93.22,93.38,93.38,28275.0
2021-08-10 04:00:00+00:00,93.41,95.05,93.39,94.41,94.41,16444.0
2021-08-11 04:00:00+00:00,94.79,97.34,94.52,97.31,97.31,25550.0
2021-08-12 04:00:00+00:00,97.37,98.07,96.84,97.25,97.25,28751.0
2021-08-13 04:00:00+00:00,97.27,97.69,96.87,97.42,97.42,13819.0
2021-08-16 04:00:00+00:00,97.1,98.71,96.68,98.15,98.15,42499.0
2021-08-17 04:00:00+00:00,97.44,97.45,94.04,94.74,94.74,66051.0
2021-08-18 04:00:00+00:00,94.03,95.47,93.17,93.17,93.17,54976.0
2021-08-19 04:00:00+00:00,91.97,93.25,91.7,92.47,92.47,35648.0
2021-08-20 04:00:00+00:00,92.93,94.06,92.37,93.5,93.5,48718.0
2021-08-23 04:00:00+00:00,93.81,93.81,92.45,93.28,93.28,22021.0
2021-08-24 04:00:00+00:00,93.63,95.23,93.35,94.74,94.74,15499.0
2021-08-25 04:00:00+00:00,95.28,97.36,95.28,97.13,97.13,24149.0
2021-08-26 04:00:00+00:00,96.99,96.99,95.08,95.23,95.23,27145.0
2021-08-27 04:00:00+00:00,95.48,97.05,95.31,96.9,96.9,16134.0
2021-08-30 04:00:00+00:00,96.66,97.35,95.98,95.99,95.99,46104.0
2021-08-31 04:00:00+00:00,95.21,95.21,92.26,92.73,92.73,87449.0
2021-09-01 04:00:00+00:00,92.65,94.17,92.38,93.68,93.68,59948.0
2021-09-02 04:00:00+00:00,93.7,94.47,93.7,94.25,94.25,26339.0
2021-09-03 04:00:00+00:00,93.78,94.1,92.91,93.45,93.45,28264.0
2021-09-07 04:00:00+00:00,93.01,93.01,91.44,91.46,91.46,18940.0
2021-09-08 04:00:00+00:00,90.47,91.19,89.77,91.18,91.18,71363.0
2021-09-09 04:00:00+00:00,91.37,92.56,90.9,91.27,91.27,32997.0
2021-09-10 04:00:00+00:00,91.53,91.93,90.84,91.11,91.11,38787.0
2021-09-13 04:00:00+00:00,93.71,94.17,92.28,92.7,92.7,76615.0
2021-09-14 04:00:00+00:00,92.27,92.6,91.19,91.64,91.64,36814.0
2021-09-15 04:00:00+00:00,91.32,91.6,90.66,91.03,91.03,47145.0
2021-09-16 04:00:00+00:00,90.98,91.41,90.09,90.6,90.6,25620.0
2021-09-17 04:00:00+00:00,90.11,90.47,89.61,90.19,90.19,31828.0
2021-09-20 04:00:00+00:00,88.68,89.24,87.7,88.83,88.83,54578.0
2021-09-21 04:00:00+00:00,89.29,89.29,87.48,88.04,88.04,45843.0
2021-09-22 04:00:00+00:00,89.21,90.12,88.77,88.77,88.77,22216.0
2021-09-23 04:00:00+00:00,89.38,90.01,88.82,88.82,88.82,39852.0
2021-09-24 04:00:00+00:00,88.62,88.62,87.57,87.64,87.64,33389.0
2021-09-27 04:00:00+00:00,87.44,89.25,87.44,88.62,88.62,77183.0
2021-09-28 04:00:00+00:00,88.41,88.5,86.07,86.62,86.62,35666.0
2021-09-29 04:00:00+00:00,86.9,88.13,86.6,87.4,87.4,41434.0
2021-09-30 04:00:00+00:00,87.71,88.02,85.22,85.29,85.29,42566.0
2021-10-01 04:00:00+00:00,85.09,86.19,84.94,85.61,85.61,43935.0
2021-10-04 04:00:00+00:00,85.92,87.14,85.82,87.06,87.06,74286.0
2021-10-05 04:00:00+00:00,86.87,88.24,86.69,87.77,87.77,54522.0
2021-10-06 04:00:00+00:00,87.27,89.83,87.27,89.45,89.45,52064.0
2021-10-07 04:00:00+00:00,90.79,92.32,90.74,90.83,90.83,41699.0
2021-10-08 04:00:00+00:00,90.56,90.63,89.86,90.18,90.18,14078.0
2021-10-11 04:00:00+00:00,90.37,90.37,88.41,88.6,88.6,37427.0
2021-10-12 04:00:00+00:00,88.82,89.62,87.78,88.25,88.25,78666.0
2021-10-13 04:00:00+00:00,88.25,88.25,87.48,87.7,87.7,49955.0
2021-10-14 04:00:00+00:00,89.08,91.1,88.71,90.6,90.6,31309.0
2021-10-15 04:00:00+00:00,91.78,91.78,90.19,90.27,90.27,27208.0
2021-10-18 04:00:00+00:00,90.06,92.39,90.06,92.36,92.36,72896.0
2021-10-19 04:00:00+00:00,92.68,92.68,91.73,92.01,92.01,38605.0
2021-10-20 04:00:00+00:00,92.22,93.73,92.2,93.58,93.58,63118.0
2021-10-21 04:00:00+00:00,92.61,92.61,90.39,91.43,91.43,71470.0
2021-10-22 04:00:00+00:00,91.8,92.41,91.45,91.6,91.6,34271.0
2021-10-26 04:00:00+00:00,92.97,93.26,92.41,92.84,92.84,109553.0
2021-10-27 04:00:00+00:00,99.38,99.38,94.41,94.44,94.44,185905.0
2021-10-28 04:00:00+00:00,94.95,97.58,94.66,97.2,97.2,52110.0
2021-10-29 04:00:00+00:00,96.91,97.87,96.03,96.58,96.58,36392.0
2021-11-01 04:00:00+00:00,96.57,96.7,95.69,96.32,96.32,18735.0
2021-11-02 04:00:00+00:00,96.11,97.0,96.03,96.58,96.58,23963.0
2021-11-03 04:00:00+00:00,96.48,97.33,96.1,96.3,96.3,28510.0
2021-11-04 04:00:00+00:00,97.6,98.17,96.7,96.8,96.8,22124.0
2021-11-05 04:00:00+00:00,97.39,98.71,97.15,97.49,97.49,21916.0
2021-11-08 05:00:00+00:00,98.47,99.11,97.18,97.77,97.77,14161.0
2021-11-09 05:00:00+00:00,99.03,99.61,98.5,99.61,99.61,24623.0
2021-11-10 05:00:00+00:00,99.49,100.15,97.98,98.21,98.21,30028.0
2021-11-11 05:00:00+00:00,98.34,98.87,97.71,98.18,98.18,31932.0
2021-11-12 05:00:00+00:00,98.81,101.47,98.81,101.47,101.47,31498.0
2021-11-15 05:00:00+00:00,101.13,102.35,101.13,101.82,101.82,41369.0
2021-11-16 05:00:00+00:00,102.29,104.01,102.29,103.69,103.69,69189.0
2021-11-17 05:00:00+00:00,103.34,103.49,102.59,103.17,103.17,20951.0
2021-11-18 05:00:00+00:00,103.1,103.55,102.0,102.45,102.45,23928.0
2021-11-19 05:00:00+00:00,102.64,103.56,102.21,102.22,102.22,43648.0
2021-11-22 05:00:00+00:00,102.13,103.77,101.82,101.82,101.82,102709.0
2021-11-23 05:00:00+00:00,101.1,101.51,100.26,100.95,100.95,71685.0
2021-11-24 05:00:00+00:00,100.51,101.05,100.11,100.81,100.81,16630.0
2021-11-26 05:00:00+00:00,98.99,99.94,97.73,98.37,98.37,17813.0
2021-11-29 05:00:00+00:00,99.02,99.08,97.64,98.36,98.36,26974.0
2021-11-30 05:00:00+00:00,97.57,98.14,95.51,96.0,96.0,87788.0
2021-12-01 05:00:00+00:00,97.57,98.6,94.02,94.02,94.02,98711.0
2021-12-02 05:00:00+00:00,95.39,98.1,95.21,97.91,97.91,89933.0
2021-12-03 05:00:00+00:00,98.78,99.64,98.22,99.19,99.19,52810.0
2021-12-06 05:00:00+00:00,100.29,100.3,99.26,99.39,99.39,33103.0
2021-12-07 05:00:00+00:00,99.94,101.93,99.94,100.64,100.64,76611.0
2021-12-08 05:00:00+00:00,100.77,102.89,100.57,102.44,102.44,32749.0
2021-12-09 05:00:00+00:00,101.74,102.08,100.9,101.1,101.1,35211.0
2021-12-10 05:00:00+00:00,101.4,101.62,100.32,100.87,100.87,35792.0
2021-12-13 05:00:00+00:00,100.39,100.41,99.51,99.69,99.69,38281.0
2021-12-14 05:00:00+00:00,99.32,100.22,98.77,99.05,99.05,48308.0
2021-12-15 05:00:00+00:00,99.15,101.26,98.87,101.23,101.23,49289.0
2021-12-16 05:00:00+00:00,101.6,101.84,99.89,100.16,100.16,33978.0
2021-12-17 05:00:00+00:00,99.41,99.41,96.15,96.2,96.2,27089.0
2021-12-20 05:00:00+00:00,94.64,94.72,92.02,92.77,92.77,42869.0
2021-12-21 05:00:00+00:00,93.59,95.1,93.34,95.1,95.1,40676.0
2021-12-22 05:00:00+00:00,94.94,96.47,94.94,95.92,95.92,25909.0
2021-12-23 05:00:00+00:00,96.61,98.61,96.61,98.07,98.07,50190.0
2021-12-27 05:00:00+00:00,98.24,100.12,98.2,99.99,99.99,36584.0
2021-12-28 05:00:00+00:00,100.71,101.62,100.58,101.11,101.11,27602.0
2021-12-29 05:00:00+00:00,101.55,102.26,101.55,101.79,101.79,21936.0
2021-12-30 05:00:00+00:00,102.48,102.77,100.88,100.99,100.99,21968.0
2021-12-31 05:00:00+00:00,100.48,102.28,100.48,102.05,102.05,10552.0
2022-01-03 05:00:00+00:00,102.18,102.18,98.35,100.03,100.03,43357.0
2022-01-04 05:00:00+00:00,101.55,102.76,100.87,102.47,102.47,45843.0
2022-01-05 05:00:00+00:00,102.19,103.43,99.23,99.39,99.39,42305.0
2022-01-06 05:00:00+00:00,99.08,100.28,98.04,100.15,100.15,26676.0
2022-01-07 05:00:00+00:00,99.29,99.91,96.52,96.73,96.73,60207.0
2022-01-10 05:00:00+00:00,95.43,95.87,94.16,95.87,95.87,46239.0
2022-01-11 05:00:00+00:00,96.18,98.31,95.18,98.27,98.27,56011.0
2022-01-12 05:00:00+00:00,99.91,100.19,98.91,100.08,100.08,42392.0
2022-01-13 05:00:00+00:00,100.88,101.49,98.89,99.04,99.04,35783.0
2022-01-14 05:00:00+00:00,98.11,98.11,96.14,96.89,96.89,21335.0
2022-01-18 05:00:00+00:00,95.4,95.4,93.52,93.9,93.9,30286.0
2022-01-19 05:00:00+00:00,94.2,94.91,92.49,92.49,92.49,24332.0
2022-01-20 05:00:00+00:00,93.76,95.32,91.92,92.24,92.24,76295.0
2022-01-21 05:00:00+00:00,91.61,93.08,90.11,90.19,90.19,56403.0
2022-01-24 05:00:00+00:00,88.73,93.7,88.42,93.48,93.48,59102.0
2022-01-25 05:00:00+00:00,91.29,92.12,89.77,90.88,90.88,17562.0
2022-01-26 05:00:00+00:00,91.5,92.93,87.38,87.98,87.98,86363.0
2022-01-27 05:00:00+00:00,89.21,89.57,85.44,86.5,86.5,53672.0
2022-01-28 05:00:00+00:00,86.21,88.38,84.12,88.23,88.23,68176.0
2022-01-31 05:00:00+00:00,88.45,90.04,88.32,89.91,89.91,35610.0
2022-02-01 05:00:00+00:00,89.88,90.37,87.66,89.74,89.74,38497.0
2022-02-02 05:00:00+00:00,90.03,90.76,88.64,90.66,90.66,87292.0
2022-02-03 05:00:00+00:00,87.76,89.23,85.58,86.85,86.85,91237.0
2022-02-04 05:00:00+00:00,86.41,86.41,83.57,85.42,85.42,62007.0
2022-02-07 05:00:00+00:00,85.23,86.12,84.86,85.21,85.21,43696.0
2022-02-08 05:00:00+00:00,85.37,87.58,85.27,86.87,86.87,69081.0
2022-02-09 05:00:00+00:00,88.37,89.23,88.18,89.03,89.03,48587.0
2022-02-10 05:00:00+00:00,86.27,88.7,85.27,85.65,85.65,56923.0
2022-02-11 05:00:00+00:00,86.13,86.9,84.51,84.78,84.78,64847.0
2022-02-14 05:00:00+00:00,84.79,85.91,84.1,85.2,85.2,83269.0
2022-02-15 05:00:00+00:00,86.78,87.18,85.8,86.39,86.39,56157.0
2022-02-16 05:00:00+00:00,86.26,87.66,86.14,86.97,86.97,75661.0
2022-02-17 05:00:00+00:00,87.05,87.22,85.29,85.34,85.34,35676.0
2022-02-18 05:00:00+00:00,85.76,86.7,84.59,84.82,84.82,63663.0
2022-02-22 05:00:00+00:00,84.32,85.0,81.98,82.35,82.35,53677.0
2022-02-23 05:00:00+00:00,82.78,83.25,80.24,80.48,80.48,45840.0
2022-02-24 05:00:00+00:00,77.91,81.4,77.91,81.34,81.34,127129.0
2022-02-25 05:00:00+00:00,81.4,84.35,81.15,84.26,84.26,80570.0
2022-02-28 05:00:00+00:00,83.35,83.83,82.04,83.27,83.27,61645.0
2022-03-01 05:00:00+00:00,82.76,82.76,79.62,80.3,80.3,81165.0
2022-03-02 05:00:00+00:00,80.95,83.16,80.35,82.65,82.65,107665.0
2022-03-03 05:00:00+00:00,84.0,84.48,82.99,83.33,83.33,48568.0
2022-03-04 05:00:00+00:00,82.61,82.61,80.58,81.22,81.22,52991.0
2022-03-07 05:00:00+00:00,80.87,81.4,77.59,77.59,77.59,70702.0
2022-03-09 05:00:00+00:00,79.75,82.49,79.66,81.37,81.37,75655.0
2022-03-10 05:00:00+00:00,80.0,80.93,79.94,80.7,80.7,31685.0
2022-03-11 05:00:00+00:00,81.54,81.81,80.34,80.34,80.34,32113.0
2022-03-14 04:00:00+00:00,81.07,81.07,78.73,79.01,79.01,63950.0
2022-03-15 04:00:00+00:00,79.75,81.03,79.49,80.74,80.74,78995.0
2022-03-16 04:00:00+00:00,81.89,82.99,79.8,81.93,81.93,59083.0
2022-03-17 04:00:00+00:00,81.39,82.81,81.24,82.62,82.62,36577.0
2022-03-18 04:00:00+00:00,82.49,83.76,81.47,83.29,83.29,40631.0
2022-03-21 04:00:00+00:00,80.74,81.74,79.15,79.76,79.76,95803.0
2022-03-22 04:00:00+00:00,79.69,80.23,78.58,79.28,79.28,55972.0
2022-03-23 04:00:00+00:00,78.12,78.12,75.78,76.2,76.2,147138.0
2022-03-24 04:00:00+00:00,76.03,76.09,73.93,74.32,74.32,180912.0
2022-03-25 04:00:00+00:00,74.68,74.68,72.52,74.37,74.37,155241.0
2022-03-28 04:00:00+00:00,74.55,75.03,74.13,74.72,74.72,54245.0
2022-03-29 04:00:00+00:00,76.63,78.32,76.28,77.03,77.03,121350.0
2022-03-30 04:00:00+00:00,76.55,76.92,74.07,74.41,74.41,87068.0
2022-03-31 04:00:00+00:00,74.04,74.23,71.17,71.17,71.17,89771.0
2022-04-01 04:00:00+00:00,72.07,72.52,70.46,71.76,71.76,106386.0
2022-04-04 04:00:00+00:00,71.63,72.52,70.95,72.19,72.19,117793.0
2022-04-05 04:00:00+00:00,72.39,72.68,71.24,71.49,71.49,120550.0
2022-04-06 04:00:00+00:00,70.36,70.65,69.02,69.73,69.73,119712.0
2022-04-07 04:00:00+00:00,69.53,69.6,67.95,68.93,68.93,172620.0
2022-04-08 04:00:00+00:00,69.42,71.49,68.83,69.84,69.84,199072.0
2022-04-11 04:00:00+00:00,67.93,69.22,67.92,68.35,68.35,173289.0
2022-04-12 04:00:00+00:00,69.64,70.43,67.12,67.38,67.38,67712.0
2022-04-13 04:00:00+00:00,67.32,68.3,67.3,68.3,68.3,98211.0
2022-04-14 04:00:00+00:00,68.43,68.71,66.67,66.68,66.68,53913.0
2022-04-18 04:00:00+00:00,67.05,67.31,65.42,66.03,66.03,47999.0
2022-04-19 04:00:00+00:00,66.51,69.19,66.37,68.7,68.7,176295.0
2022-04-20 04:00:00+00:00,69.54,69.98,68.79,69.49,69.49,107004.0
2022-04-21 04:00:00+00:00,70.71,71.18,69.29,69.63,69.63,129168.0
2022-04-22 04:00:00+00:00,69.0,69.05,67.48,67.54,67.54,73324.0
2022-04-25 04:00:00+00:00,66.94,70.2,66.46,70.11,70.11,108220.0
2022-04-26 04:00:00+00:00,69.21,71.0,68.91,69.23,69.23,112369.0
2022-04-27 04:00:00+00:00,69.44,70.99,68.44,70.17,70.17,173490.0
2022-04-28 04:00:00+00:00,70.73,73.33,70.04,72.84,72.84,127044.0
2022-04-29 04:00:00+00:00,72.47,75.51,68.09,68.21,68.21,254986.0
2022-05-02 04:00:00+00:00,68.56,69.5,66.71,68.17,68.17,127980.0
2022-05-03 04:00:00+00:00,68.1,71.3,68.1,70.83,70.83,176454.0
2022-05-04 04:00:00+00:00,70.53,74.25,69.75,74.14,74.14,130884.0
2022-05-05 04:00:00+00:00,73.1,73.1,69.27,69.92,69.92,148971.0
2022-05-06 04:00:00+00:00,69.24,69.24,67.36,67.93,67.93,90368.0
2022-05-09 04:00:00+00:00,67.29,69.13,67.0,68.17,68.17,93990.0
2022-05-10 04:00:00+00:00,69.31,69.48,66.12,66.5,66.5,86576.0
2022-05-11 04:00:00+00:00,66.35,67.14,63.73,63.73,63.73,85734.0
2022-05-12 04:00:00+00:00,63.8,66.1,63.77,65.82,65.82,119565.0
2022-05-13 04:00:00+00:00,66.65,67.77,65.98,66.7,66.7,136206.0
2022-05-16 04:00:00+00:00,66.24,66.4,63.83,65.79,65.79,52427.0
2022-05-17 04:00:00+00:00,67.2,67.53,65.49,67.11,67.11,52113.0
2022-05-18 04:00:00+00:00,65.72,66.0,62.95,63.38,63.38,70637.0
2022-05-19 04:00:00+00:00,63.51,64.49,63.04,63.62,63.62,77950.0
2022-05-20 04:00:00+00:00,64.3,64.42,62.14,64.0,64.0,62696.0
2022-05-23 04:00:00+00:00,64.73,65.21,63.61,64.68,64.68,46098.0
2022-05-24 04:00:00+00:00,64.37,64.37,61.84,62.9,62.9,68634.0
2022-05-25 04:00:00+00:00,63.65,64.82,63.37,64.64,64.64,61844.0
2022-05-26 04:00:00+00:00,65.46,67.5,65.46,67.27,67.27,45262.0
2022-05-27 04:00:00+00:00,67.78,68.37,67.13,67.7,67.7,37046.0
2022-05-31 04:00:00+00:00,67.04,67.55,65.94,66.7,66.7,63879.0
2022-06-01 04:00:00+00:00,66.83,66.83,65.54,65.87,65.87,57365.0
2022-06-02 04:00:00+00:00,66.37,68.04,66.27,68.04,68.04,74892.0
2022-06-03 04:00:00+00:00,66.91,68.34,66.88,68.14,68.14,88472.0
2022-06-06 04:00:00+00:00,68.25,69.14,67.93,68.06,68.06,102950.0
2022-06-07 04:00:00+00:00,67.17,68.42,66.56,68.29,68.29,37384.0
2022-06-08 04:00:00+00:00,67.06,67.39,66.18,66.41,66.41,34616.0
2022-06-09 04:00:00+00:00,65.98,67.41,65.98,66.43,66.43,36760.0
2022-06-10 04:00:00+00:00,64.84,64.84,62.69,62.69,62.69,50573.0
2022-06-13 04:00:00+00:00,60.83,61.81,59.21,59.73,59.73,112153.0
2022-06-14 04:00:00+00:00,59.89,60.25,58.44,59.0,59.0,47134.0
2022-06-15 04:00:00+00:00,59.62,60.55,58.35,59.73,59.73,61658.0
2022-06-16 04:00:00+00:00,57.86,57.9,55.61,55.99,55.99,60413.0
2022-06-17 04:00:00+00:00,55.86,56.83,55.29,56.02,56.02,98148.0
2022-06-21 04:00:00+00:00,56.84,57.18,55.89,56.08,56.08,46988.0
2022-06-22 04:00:00+00:00,54.97,56.78,54.97,56.3,56.3,49705.0
2022-06-23 04:00:00+00:00,56.46,59.16,56.46,58.97,58.97,78174.0
2022-06-24 04:00:00+00:00,59.49,61.26,59.43,60.83,60.83,73480.0
2022-06-27 04:00:00+00:00,60.28,61.07,60.16,60.47,60.47,83631.0
2022-06-28 04:00:00+00:00,60.7,61.07,58.76,58.78,58.78,33464.0
2022-06-29 04:00:00+00:00,58.71,58.71,57.48,58.22,58.22,82413.0
2022-06-30 04:00:00+00:00,57.21,58.2,56.44,57.62,57.62,59926.0
2022-07-01 04:00:00+00:00,58.4,59.7,58.27,59.28,59.28,52812.0
2022-07-05 04:00:00+00:00,58.63,60.57,58.45,60.57,60.57,79242.0
2022-07-06 04:00:00+00:00,61.23,61.23,58.87,59.55,59.55,60451.0
2022-07-07 04:00:00+00:00,59.76,60.63,59.25,60.33,60.33,69927.0
2022-07-08 04:00:00+00:00,60.37,60.98,59.2,59.46,59.46,98209.0
2022-07-11 04:00:00+00:00,59.41,60.17,59.16,59.32,59.32,52229.0
2022-07-12 04:00:00+00:00,59.73,60.9,59.65,60.09,60.09,28498.0
2022-07-13 04:00:00+00:00,58.7,60.5,58.07,60.34,60.34,53139.0
2022-07-14 04:00:00+00:00,59.07,59.43,58.26,59.41,59.41,36879.0
2022-07-15 04:00:00+00:00,59.77,60.57,58.81,60.5,60.5,49188.0
2022-07-18 04:00:00+00:00,61.01,61.65,60.17,60.71,60.71,54007.0
2022-07-19 04:00:00+00:00,61.33,63.11,61.26,62.88,62.88,31060.0
2022-07-20 04:00:00+00:00,62.8,63.59,62.47,63.56,63.56,34107.0
2022-07-21 04:00:00+00:00,62.76,65.2,62.67,65.13,65.13,66128.0
2022-07-22 04:00:00+00:00,65.77,66.84,65.14,65.79,65.79,62718.0
2022-07-25 04:00:00+00:00,65.52,65.87,64.14,64.74,64.74,104588.0
2022-07-26 04:00:00+00:00,63.98,64.52,63.25,63.81,63.81,54707.0
2022-07-27 04:00:00+00:00,63.85,64.72,62.81,64.22,64.22,112589.0
2022-07-28 04:00:00+00:00,65.42,66.94,64.89,66.72,66.72,100193.0
2022-07-29 04:00:00+00:00,66.68,67.43,66.15,66.99,66.99,63228.0
2022-08-01 04:00:00+00:00,65.98,67.45,65.68,67.0,67.0,46187.0
2022-08-02 04:00:00+00:00,66.44,66.49,65.02,65.07,65.07,33782.0
2022-08-03 04:00:00+00:00,65.49,65.49,63.8,64.15,64.15,55493.0
2022-08-04 04:00:00+00:00,64.09,65.83,64.09,65.19,65.19,29734.0
2022-08-05 04:00:00+00:00,63.78,64.7,63.49,64.68,64.68,30278.0
2022-08-08 04:00:00+00:00,65.35,66.18,65.08,65.53,65.53,82086.0
2022-08-09 04:00:00+00:00,64.31,64.31,62.13,62.41,62.41,46575.0
2022-08-10 04:00:00+00:00,64.6,65.64,64.6,65.28,65.28,73068.0
2022-08-11 04:00:00+00:00,65.89,67.51,65.76,66.38,66.38,50328.0
2022-08-12 04:00:00+00:00,66.65,67.28,66.12,66.84,66.84,34037.0
2022-08-15 04:00:00+00:00,66.62,66.89,65.66,66.5,66.5,31469.0
2022-08-16 04:00:00+00:00,65.68,67.84,65.16,67.39,67.39,46350.0
2022-08-17 04:00:00+00:00,66.02,66.34,65.29,65.7,65.7,46380.0
2022-08-18 04:00:00+00:00,65.88,66.59,65.71,66.59,66.59,32668.0
2022-08-19 04:00:00+00:00,65.99,66.06,64.58,65.0,65.0,39284.0
2022-08-22 04:00:00+00:00,63.82,64.1,62.97,63.14,63.14,29116.0
2022-08-23 04:00:00+00:00,63.09,63.72,62.31,62.68,62.68,19501.0
2022-08-24 04:00:00+00:00,62.49,63.54,61.89,63.17,63.17,62143.0
2022-08-25 04:00:00+00:00,63.26,64.85,63.26,64.8,64.8,28043.0
2022-08-26 04:00:00+00:00,64.8,64.8,60.72,60.82,60.82,85175.0
2022-08-29 04:00:00+00:00,60.22,60.92,60.22,60.25,60.25,34963.0
2022-08-30 04:00:00+00:00,60.82,61.25,59.98,60.16,60.16,31761.0
2022-08-31 04:00:00+00:00,60.3,60.32,59.39,59.39,59.39,29022.0
2022-09-01 04:00:00+00:00,58.8,59.24,57.94,59.15,59.15,41912.0
2022-09-02 04:00:00+00:00,59.51,59.87,58.07,58.41,58.41,33352.0
2022-09-06 04:00:00+00:00,58.5,58.71,57.28,57.79,57.79,48878.0
2022-09-07 04:00:00+00:00,57.85,60.22,57.85,60.2,60.2,54597.0
2022-09-08 04:00:00+00:00,59.54,60.93,59.11,60.92,60.92,43428.0
2022-09-09 04:00:00+00:00,61.34,62.7,61.34,62.49,62.49,64184.0
2022-09-12 04:00:00+00:00,63.06,63.95,62.24,62.59,62.59,74212.0
2022-09-13 04:00:00+00:00,60.21,60.21,58.74,59.02,59.02,88042.0
2022-09-14 04:00:00+00:00,58.34,58.57,56.95,57.79,57.79,47074.0
2022-09-15 04:00:00+00:00,57.99,59.76,57.81,58.03,58.03,113770.0
2022-09-16 04:00:00+00:00,57.07,58.28,57.05,57.96,57.96,99255.0
2022-09-19 04:00:00+00:00,57.82,58.72,57.82,58.28,58.28,72949.0
2022-09-20 04:00:00+00:00,57.22,57.62,56.12,56.71,56.71,73143.0
2022-09-21 04:00:00+00:00,57.25,57.65,55.32,55.35,55.35,62619.0
2022-09-22 04:00:00+00:00,55.02,55.02,53.68,53.73,53.73,47565.0
2022-09-23 04:00:00+00:00,52.96,53.89,52.88,53.71,53.71,44066.0
2022-09-26 04:00:00+00:00,53.41,54.03,51.85,52.07,52.07,69599.0
2022-09-27 04:00:00+00:00,52.81,53.12,51.71,52.29,52.29,63198.0
2022-09-28 04:00:00+00:00,53.04,54.76,52.97,54.57,54.57,61534.0
2022-09-29 04:00:00+00:00,53.79,53.79,52.47,52.65,52.65,65256.0
2022-09-30 04:00:00+00:00,52.3,53.11,51.62,51.89,51.89,85424.0
2022-10-03 04:00:00+00:00,52.97,54.27,52.73,53.87,53.87,48801.0
2022-10-04 04:00:00+00:00,55.66,57.04,55.45,56.97,56.97,58125.0
2022-10-05 04:00:00+00:00,56.01,56.75,54.91,56.06,56.06,66905.0
2022-10-06 04:00:00+00:00,56.01,57.3,56.01,56.87,56.87,86193.0
2022-10-07 04:00:00+00:00,55.79,55.82,54.58,54.85,54.85,58914.0
2022-10-10 04:00:00+00:00,55.55,55.55,54.26,55.1,55.1,31586.0
2022-10-11 04:00:00+00:00,54.99,56.12,54.39,55.34,55.34,45283.0
2022-10-12 04:00:00+00:00,54.74,55.4,54.65,55.06,55.06,52153.0
2022-10-13 04:00:00+00:00,53.0,56.43,51.87,55.34,55.34,114166.0
2022-10-14 04:00:00+00:00,55.18,55.52,53.52,53.64,53.64,112602.0
2022-10-17 04:00:00+00:00,55.1,55.88,53.61,53.95,53.95,57133.0
2022-10-18 04:00:00+00:00,55.42,56.09,54.92,55.8,55.8,72936.0
2022-10-19 04:00:00+00:00,54.96,55.26,52.63,53.16,53.16,70998.0
2022-10-20 04:00:00+00:00,53.16,54.39,51.61,51.61,51.61,59713.0
2022-10-21 04:00:00+00:00,51.57,53.25,51.22,53.24,53.24,140103.0
2022-10-24 04:00:00+00:00,53.69,54.3,52.92,53.74,53.74,67415.0
2022-10-25 04:00:00+00:00,54.37,57.01,54.37,56.8,56.8,158504.0
2022-10-26 04:00:00+00:00,55.98,56.97,55.1,56.38,56.38,120634.0
2022-10-27 04:00:00+00:00,57.55,59.26,56.78,57.22,57.22,136573.0
2022-10-28 04:00:00+00:00,57.37,59.46,57.37,59.27,59.27,57530.0
2022-10-31 04:00:00+00:00,58.15,58.8,57.9,58.3,58.3,67441.0
2022-11-01 04:00:00+00:00,59.25,59.79,57.68,57.96,57.96,81689.0
2022-11-02 04:00:00+00:00,57.74,58.47,55.66,55.68,55.68,88590.0
2022-11-03 04:00:00+00:00,54.28,54.85,53.23,53.61,53.61,75527.0
2022-11-04 04:00:00+00:00,54.76,56.11,54.19,55.44,55.44,59476.0
2022-11-07 05:00:00+00:00,55.99,56.75,55.25,56.49,56.49,56325.0
2022-11-08 05:00:00+00:00,57.09,57.59,55.46,56.28,56.28,67593.0
2022-11-09 05:00:00+00:00,55.58,57.28,55.51,56.22,56.22,65570.0
2022-11-10 05:00:00+00:00,59.97,63.48,59.9,63.44,63.44,172433.0
2022-11-11 05:00:00+00:00,63.42,66.04,63.42,64.95,64.95,113283.0
2022-11-14 05:00:00+00:00,64.32,64.63,62.93,63.19,63.19,59510.0
2022-11-15 05:00:00+00:00,65.91,66.36,63.9,65.0,65.0,107569.0
2022-11-16 05:00:00+00:00,63.96,64.07,62.89,63.44,63.44,38232.0
2022-11-17 05:00:00+00:00,62.11,62.11,60.61,61.77,61.77,31616.0
2022-11-18 05:00:00+00:00,62.91,63.05,61.4,62.23,62.23,45774.0
2022-11-21 05:00:00+00:00,62.02,62.38,61.39,61.84,61.84,33657.0
2022-11-22 05:00:00+00:00,62.44,62.8,61.9,62.72,62.72,59546.0
2022-11-23 05:00:00+00:00,62.7,64.78,62.7,64.22,64.22,55975.0
2022-11-25 05:00:00+00:00,63.97,65.14,63.97,64.94,64.94,27852.0
2022-11-28 05:00:00+00:00,64.45,64.45,62.54,62.97,62.97,55572.0
2022-11-29 05:00:00+00:00,62.65,63.76,62.56,63.72,63.72,85703.0
2022-11-30 05:00:00+00:00,63.08,63.42,60.98,63.37,63.37,107421.0
2022-12-01 05:00:00+00:00,63.8,64.49,63.02,63.56,63.56,79501.0
2022-12-02 05:00:00+00:00,62.03,62.55,61.03,61.66,61.66,110982.0
2022-12-05 05:00:00+00:00,61.03,61.03,59.49,59.64,59.64,101909.0
2022-12-06 05:00:00+00:00,59.92,59.92,57.52,58.94,58.94,134746.0
2022-12-07 05:00:00+00:00,58.83,59.01,57.82,58.06,58.06,171298.0
2022-12-08 05:00:00+00:00,57.79,59.06,57.33,58.98,58.98,137601.0
2022-12-09 05:00:00+00:00,58.52,58.76,57.7,58.52,58.52,148109.0
2022-12-12 05:00:00+00:00,58.8,60.42,58.19,60.01,60.01,95811.0
2022-12-13 05:00:00+00:00,63.16,63.48,60.8,61.32,61.32,213454.0
2022-12-14 05:00:00+00:00,61.56,62.07,59.4,60.04,60.04,144165.0
2022-12-15 05:00:00+00:00,50.68,55.66,50.67,55.66,55.66,139422.0
2022-12-16 05:00:00+00:00,55.59,57.31,54.1,55.42,55.42,315673.0
2022-12-19 05:00:00+00:00,54.4,54.83,53.45,53.47,53.47,182151.0
2022-12-20 05:00:00+00:00,53.56,54.43,53.17,53.75,53.75,152599.0
2022-12-21 05:00:00+00:00,54.49,55.04,54.14,54.76,54.76,64152.0
2022-12-22 05:00:00+00:00,53.78,54.8,53.37,54.8,54.8,90623.0
2022-12-23 05:00:00+00:00,54.78,55.31,54.51,55.06,55.06,69200.0
2022-12-27 05:00:00+00:00,55.57,55.62,54.34,55.04,55.04,48025.0
2022-12-28 05:00:00+00:00,55.23,55.47,54.17,54.17,54.17,70289.0
2022-12-29 05:00:00+00:00,54.5,56.32,54.5,55.87,55.87,73202.0
2022-12-30 05:00:00+00:00,55.28,55.66,54.93,55.38,55.38,101985.0
2023-01-03 05:00:00+00:00,56.36,56.89,55.34,56.25,56.25,45564.0
2023-01-04 05:00:00+00:00,57.1,58.89,57.1,58.61,58.61,122901.0
2023-01-05 05:00:00+00:00,57.24,57.72,56.74,57.51,57.51,85671.0
2023-01-06 05:00:00+00:00,58.47,59.72,57.78,59.05,59.05,119652.0
2023-01-09 05:00:00+00:00,59.95,60.54,58.9,59.31,59.31,85153.0
2023-01-10 05:00:00+00:00,59.21,59.54,58.55,59.4,59.4,76589.0
2023-01-11 05:00:00+00:00,58.37,60.23,58.37,60.1,60.1,86254.0
2023-01-12 05:00:00+00:00,60.82,61.27,59.26,60.77,60.77,109504.0
2023-01-13 05:00:00+00:00,59.6,61.59,59.35,61.41,61.41,108661.0
2023-01-17 05:00:00+00:00,61.2,61.41,60.29,60.57,60.57,62075.0
2023-01-18 05:00:00+00:00,61.49,62.0,59.83,59.85,59.85,83124.0
2023-01-19 05:00:00+00:00,59.69,59.76,57.55,58.05,58.05,78316.0
2023-01-20 05:00:00+00:00,58.6,60.1,57.88,60.1,60.1,44822.0
2023-01-23 05:00:00+00:00,59.76,61.15,59.76,61.15,61.15,54338.0
2023-01-24 05:00:00+00:00,61.01,61.74,60.67,60.94,60.94,64424.0
2023-01-25 05:00:00+00:00,60.07,60.86,59.76,60.86,60.86,39243.0
2023-01-26 05:00:00+00:00,61.15,61.31,60.15,60.88,60.88,48138.0
2023-01-27 05:00:00+00:00,61.2,61.44,60.94,61.15,61.15,57211.0
2023-01-30 05:00:00+00:00,59.92,60.61,59.39,59.41,59.41,80602.0
2023-01-31 05:00:00+00:00,60.33,62.57,60.17,62.57,62.57,70672.0
2023-02-01 05:00:00+00:00,62.46,64.62,61.92,64.12,64.12,75704.0
2023-02-02 05:00:00+00:00,64.53,65.62,64.53,65.1,65.1,89870.0
2023-02-03 05:00:00+00:00,64.22,64.78,63.73,64.23,64.23,67863.0
2023-02-06 05:00:00+00:00,63.19,63.19,62.04,62.46,62.46,53597.0
2023-02-07 05:00:00+00:00,61.84,63.35,61.49,63.23,63.23,46388.0
2023-02-08 05:00:00+00:00,62.84,62.84,61.08,61.74,61.74,47916.0
2023-02-09 05:00:00+00:00,61.64,63.19,61.02,61.34,61.34,83112.0
2023-02-10 05:00:00+00:00,61.08,61.58,61.0,61.51,61.51,35130.0
2023-02-13 05:00:00+00:00,61.18,62.87,61.18,62.87,62.87,32692.0
2023-02-14 05:00:00+00:00,62.04,63.22,61.79,63.05,63.05,94140.0
2023-02-15 05:00:00+00:00,62.28,63.59,62.28,62.82,62.82,44390.0
2023-02-16 05:00:00+00:00,61.12,63.03,61.05,62.55,62.55,70346.0
2023-02-17 05:00:00+00:00,62.46,62.59,60.62,62.4,62.4,233937.0
2023-02-21 05:00:00+00:00,61.54,61.55,59.02,59.07,59.07,51129.0
2023-02-22 05:00:00+00:00,59.17,60.7,59.17,60.22,60.22,69066.0
2023-02-23 05:00:00+00:00,60.32,60.71,59.45,60.42,60.42,55061.0
2023-02-24 05:00:00+00:00,59.11,60.28,58.68,59.88,59.88,57712.0
2023-02-27 05:00:00+00:00,60.42,60.86,59.54,59.54,59.54,54911.0
2023-02-28 05:00:00+00:00,59.71,60.57,59.71,60.31,60.31,57781.0
2023-03-01 05:00:00+00:00,60.03,60.03,58.89,59.05,59.05,47776.0
2023-03-02 05:00:00+00:00,58.53,59.98,58.53,59.83,59.83,30819.0
2023-03-03 05:00:00+00:00,59.83,61.12,59.8,60.88,60.88,36325.0
2023-03-06 05:00:00+00:00,60.92,61.05,58.79,59.18,59.18,29607.0
2023-03-07 05:00:00+00:00,59.09,59.34,58.12,58.59,58.59,63603.0
2023-03-08 05:00:00+00:00,58.23,59.31,58.18,59.12,59.12,47162.0
2023-03-09 05:00:00+00:00,57.85,59.68,57.61,57.72,57.72,79196.0
2023-03-10 05:00:00+00:00,57.61,57.61,54.82,55.57,55.57,132083.0
2023-03-13 04:00:00+00:00,54.77,56.31,54.62,55.46,55.46,87436.0
2023-03-14 04:00:00+00:00,56.39,56.64,55.47,55.98,55.98,38072.0
2023-03-15 04:00:00+00:00,55.01,55.97,54.31,54.71,54.71,44918.0
2023-03-16 04:00:00+00:00,54.42,56.02,54.4,55.87,55.87,62164.0
2023-03-17 04:00:00+00:00,55.65,55.91,54.61,55.47,55.47,73155.0
2023-03-20 04:00:00+00:00,55.7,56.67,55.7,56.39,56.39,47122.0
2023-03-21 04:00:00+00:00,57.32,57.57,56.62,57.07,57.07,40002.0
2023-03-22 04:00:00+00:00,56.81,57.32,55.53,55.53,55.53,66044.0
2023-03-23 04:00:00+00:00,56.13,57.22,54.93,55.52,55.52,114023.0
2023-03-24 04:00:00+00:00,54.66,55.52,54.29,55.52,55.52,31250.0
2023-03-27 04:00:00+00:00,56.2,56.2,54.96,55.17,55.17,44513.0
2023-03-28 04:00:00+00:00,55.35,55.97,55.05,55.54,55.54,39975.0
2023-03-29 04:00:00+00:00,56.09,56.16,55.37,56.15,56.15,38247.0
2023-03-30 04:00:00+00:00,56.75,56.89,55.68,55.81,55.81,22294.0
2023-03-31 04:00:00+00:00,56.56,57.49,56.24,57.2,57.2,49673.0
2023-04-03 04:00:00+00:00,57.4,57.53,56.53,56.94,56.94,40351.0
2023-04-04 04:00:00+00:00,56.51,56.6,54.52,54.7,54.7,37121.0
2023-04-05 04:00:00+00:00,54.53,54.57,53.45,53.6,53.6,41452.0
2023-04-06 04:00:00+00:00,53.45,54.14,52.86,54.02,54.02,42756.0
2023-04-10 04:00:00+00:00,53.79,55.36,53.79,55.33,55.33,52974.0
2023-04-11 04:00:00+00:00,56.12,57.55,56.12,57.07,57.07,68303.0
2023-04-12 04:00:00+00:00,57.69,57.89,56.52,56.67,56.67,37454.0
2023-04-13 04:00:00+00:00,56.87,57.8,56.3,57.43,57.43,46318.0
2023-04-14 04:00:00+00:00,57.66,57.87,56.66,57.11,57.11,21512.0
2023-04-17 04:00:00+00:00,57.37,57.61,56.97,57.33,57.33,32537.0
2023-04-18 04:00:00+00:00,57.99,58.2,57.57,58.0,58.0,67130.0
2023-04-19 04:00:00+00:00,57.61,58.93,57.32,58.89,58.89,35742.0
2023-04-20 04:00:00+00:00,59.13,59.75,58.93,59.21,59.21,49403.0
2023-04-21 04:00:00+00:00,59.39,59.39,58.36,59.01,59.01,47942.0
2023-04-24 04:00:00+00:00,58.94,59.64,58.75,59.6,59.6,53364.0
2023-04-25 04:00:00+00:00,59.09,59.12,58.37,58.45,58.45,51969.0
2023-04-26 04:00:00+00:00,58.51,59.75,57.85,58.03,58.03,129575.0
2023-04-27 04:00:00+00:00,61.15,61.56,58.71,61.56,61.56,76398.0
2023-04-28 04:00:00+00:00,63.03,63.58,62.66,62.95,62.95,61236.0
2023-05-01 04:00:00+00:00,62.76,63.46,62.02,62.52,62.52,66657.0
2023-05-02 04:00:00+00:00,62.36,62.38,61.09,61.39,61.39,91241.0
2023-05-03 04:00:00+00:00,61.7,62.82,61.37,61.56,61.56,49529.0
2023-05-04 04:00:00+00:00,61.12,61.43,60.66,60.68,60.68,43712.0
2023-05-05 04:00:00+00:00,61.68,62.33,61.0,62.15,62.15,44989.0
2023-05-08 04:00:00+00:00,62.3,64.3,61.9,64.15,64.15,96580.0
2023-05-09 04:00:00+00:00,64.31,64.87,63.56,63.94,63.94,34564.0
2023-05-10 04:00:00+00:00,64.03,64.21,63.19,63.66,63.66,53102.0
2023-05-11 04:00:00+00:00,63.24,63.73,63.21,63.57,63.57,33712.0
2023-05-12 04:00:00+00:00,64.05,64.28,63.04,63.55,63.55,85440.0
2023-05-15 04:00:00+00:00,63.32,64.14,63.07,63.93,63.93,48832.0
2023-05-16 04:00:00+00:00,62.97,63.33,62.46,62.92,62.92,93397.0
2023-05-17 04:00:00+00:00,62.93,63.71,62.8,63.71,63.71,84180.0
2023-05-18 04:00:00+00:00,63.36,65.08,63.17,65.06,65.06,59069.0
2023-05-19 04:00:00+00:00,65.16,65.16,63.65,63.65,63.65,112855.0
2023-05-22 04:00:00+00:00,63.58,63.64,62.86,62.86,62.86,52232.0
2023-05-23 04:00:00+00:00,62.14,62.17,61.07,61.18,61.18,78367.0
2023-05-24 04:00:00+00:00,61.55,61.55,60.42,60.48,60.48,57484.0
2023-05-25 04:00:00+00:00,60.82,61.14,60.52,60.6,60.6,70594.0
2023-05-26 04:00:00+00:00,60.64,60.96,60.23,60.75,60.75,71051.0
2023-05-30 04:00:00+00:00,61.09,61.21,59.95,60.2,60.2,52633.0
2023-05-31 04:00:00+00:00,59.85,59.85,58.2,59.1,59.1,63596.0
2023-06-01 04:00:00+00:00,58.84,60.31,58.84,59.86,59.86,100344.0
2023-06-02 04:00:00+00:00,60.88,62.92,60.59,62.81,62.81,68432.0
2023-06-05 04:00:00+00:00,62.33,62.33,61.07,61.51,61.51,56187.0
2023-06-06 04:00:00+00:00,61.87,64.04,61.87,63.75,63.75,55054.0
2023-06-07 04:00:00+00:00,63.86,65.67,63.85,65.07,65.07,34027.0
2023-06-08 04:00:00+00:00,65.04,65.36,64.6,65.01,65.01,66707.0
2023-06-09 04:00:00+00:00,64.81,64.95,63.88,64.23,64.23,58913.0
2023-06-12 04:00:00+00:00,64.29,65.77,63.91,65.33,65.33,62935.0
2023-06-13 04:00:00+00:00,65.95,66.32,65.46,65.63,65.63,56384.0
2023-06-14 04:00:00+00:00,65.55,66.2,64.2,64.48,64.48,80231.0
2023-06-15 04:00:00+00:00,64.51,65.96,64.51,65.75,65.75,26006.0
2023-06-16 04:00:00+00:00,65.83,65.99,65.12,65.44,65.44,37542.0
2023-06-20 04:00:00+00:00,65.42,66.16,64.84,65.89,65.89,60486.0
2023-06-21 04:00:00+00:00,65.6,66.58,65.6,66.19,66.19,43506.0
2023-06-22 04:00:00+00:00,65.74,66.15,65.22,65.83,65.83,25303.0
2023-06-23 04:00:00+00:00,65.32,66.12,65.32,66.03,66.03,65365.0
2023-06-26 04:00:00+00:00,66.42,66.88,65.78,66.1,66.1,71959.0
2023-06-27 04:00:00+00:00,66.47,69.24,66.47,68.79,68.79,46912.0
2023-06-28 04:00:00+00:00,68.28,69.24,68.04,69.14,69.14,98918.0
2023-06-29 04:00:00+00:00,68.83,70.28,68.83,70.22,70.22,32047.0
2023-06-30 04:00:00+00:00,70.1,70.63,70.02,70.28,70.28,59894.0
2023-07-03 04:00:00+00:00,69.75,70.06,69.07,69.24,69.24,65766.0
2023-07-05 04:00:00+00:00,68.67,69.3,68.46,68.5,68.5,41206.0
2023-07-06 04:00:00+00:00,67.66,67.68,66.59,67.23,67.23,61107.0
2023-07-07 04:00:00+00:00,67.63,68.57,67.37,67.47,67.47,30651.0
2023-07-10 04:00:00+00:00,67.03,69.16,67.03,69.1,69.1,30620.0
2023-07-11 04:00:00+00:00,69.65,70.32,69.43,70.05,70.05,67248.0
2023-07-12 04:00:00+00:00,71.32,72.35,70.86,71.24,71.24,56243.0
2023-07-13 04:00:00+00:00,71.35,72.89,71.35,72.88,72.88,109638.0
2023-07-14 04:00:00+00:00,72.61,72.67,71.47,71.97,71.97,73816.0
2023-07-17 04:00:00+00:00,71.79,72.84,71.46,72.7,72.7,34060.0
2023-07-18 04:00:00+00:00,72.38,72.66,71.67,72.12,72.12,52172.0
2023-07-19 04:00:00+00:00,72.21,72.21,71.32,71.62,71.62,34068.0
2023-07-20 04:00:00+00:00,71.16,71.32,70.04,70.09,70.09,49419.0
2023-07-21 04:00:00+00:00,70.18,70.21,69.47,69.86,69.86,77818.0
2023-07-24 04:00:00+00:00,70.86,71.93,70.73,71.22,71.22,86957.0
2023-07-25 04:00:00+00:00,71.04,72.58,71.02,72.41,72.41,93961.0
2023-07-26 04:00:00+00:00,72.52,74.3,72.52,74.02,74.02,197787.0
2023-07-27 04:00:00+00:00,74.73,75.37,73.3,73.43,73.43,99674.0
2023-07-28 04:00:00+00:00,74.56,74.68,69.45,70.05,70.05,140430.0
2023-07-31 04:00:00+00:00,70.15,70.45,68.55,69.4,69.4,147521.0
2023-08-01 04:00:00+00:00,70.3,70.74,69.97,70.35,70.35,89231.0
2023-08-02 04:00:00+00:00,69.66,69.78,68.8,69.45,69.45,50742.0
2023-08-03 04:00:00+00:00,68.9,68.93,67.72,68.2,68.2,45425.0
2023-08-04 04:00:00+00:00,68.37,69.18,68.35,69.07,69.07,41024.0
2023-08-07 04:00:00+00:00,69.09,69.87,68.73,69.86,69.86,25952.0
2023-08-08 04:00:00+00:00,68.97,69.69,68.01,69.65,69.65,32431.0
2023-08-09 04:00:00+00:00,69.25,70.74,69.25,70.55,70.55,45995.0
2023-08-10 04:00:00+00:00,71.07,71.55,70.23,70.6,70.6,67242.0
2023-08-11 04:00:00+00:00,70.6,70.88,70.02,70.13,70.13,49014.0
2023-08-14 04:00:00+00:00,69.89,70.44,69.86,70.22,70.22,26624.0
2023-08-15 04:00:00+00:00,70.14,70.53,69.24,69.29,69.29,34649.0
2023-08-16 04:00:00+00:00,69.22,69.43,67.96,68.1,68.1,21542.0
2023-08-17 04:00:00+00:00,68.44,68.44,65.32,65.32,65.32,55122.0
2023-08-18 04:00:00+00:00,65.49,65.72,64.56,64.98,64.98,118187.0
2023-08-21 04:00:00+00:00,65.17,65.17,63.72,64.62,64.62,55234.0
2023-08-22 04:00:00+00:00,64.52,65.18,64.08,64.3,64.3,52843.0
2023-08-23 04:00:00+00:00,64.79,65.51,64.58,65.49,65.49,27392.0
2023-08-24 04:00:00+00:00,64.84,65.77,64.53,65.17,65.17,70324.0
2023-08-25 04:00:00+00:00,65.06,65.29,63.72,64.64,64.64,37555.0
2023-08-28 04:00:00+00:00,65.22,65.77,64.74,65.09,65.09,35048.0
2023-08-29 04:00:00+00:00,64.94,67.36,64.94,67.25,67.25,26979.0
2023-08-30 04:00:00+00:00,67.05,67.84,67.04,67.4,67.4,19688.0
2023-08-31 04:00:00+00:00,67.7,68.15,67.53,67.66,67.66,41041.0
2023-09-01 04:00:00+00:00,68.45,68.99,68.27,68.89,68.89,30018.0
2023-09-05 04:00:00+00:00,67.62,67.73,65.39,65.39,65.39,69759.0
2023-09-06 04:00:00+00:00,65.81,65.97,65.03,65.21,65.21,57966.0
2023-09-07 04:00:00+00:00,64.91,64.93,63.61,64.15,64.15,91299.0
2023-09-08 04:00:00+00:00,64.23,64.87,64.01,64.3,64.3,45871.0
2023-09-11 04:00:00+00:00,64.67,65.15,64.14,64.14,64.14,34561.0
2023-09-12 04:00:00+00:00,64.25,64.57,63.51,63.76,63.76,31735.0
2023-09-13 04:00:00+00:00,63.68,63.78,62.56,62.88,62.88,42778.0
2023-09-14 04:00:00+00:00,63.41,63.81,63.29,63.43,63.43,40931.0
2023-09-15 04:00:00+00:00,62.65,63.1,62.36,62.77,62.77,116432.0
2023-09-18 04:00:00+00:00,62.58,63.47,62.55,63.17,63.17,40242.0
2023-09-19 04:00:00+00:00,62.97,63.58,62.64,63.24,63.24,42043.0
2023-09-20 04:00:00+00:00,63.85,64.34,62.85,62.89,62.89,29096.0
2023-09-21 04:00:00+00:00,62.52,62.93,61.81,62.44,62.44,94824.0
2023-09-22 04:00:00+00:00,62.72,62.86,61.2,61.37,61.37,38286.0
2023-09-25 04:00:00+00:00,61.22,61.91,61.22,61.38,61.38,48040.0
2023-09-26 04:00:00+00:00,61.17,61.62,60.4,60.43,60.43,58755.0
2023-09-27 04:00:00+00:00,61.1,61.51,60.66,61.21,61.21,30115.0
2023-09-28 04:00:00+00:00,61.01,62.03,60.58,61.49,61.49,64718.0
2023-09-29 04:00:00+00:00,62.18,62.22,60.75,60.9,60.9,34481.0
2023-10-02 04:00:00+00:00,60.94,60.94,59.5,59.62,59.62,58360.0
2023-10-03 04:00:00+00:00,59.25,59.47,58.19,58.29,58.29,33056.0
2023-10-04 04:00:00+00:00,58.91,59.41,58.05,59.32,59.32,53247.0
2023-10-05 04:00:00+00:00,59.46,59.62,58.66,59.46,59.46,75079.0
2023-10-06 04:00:00+00:00,58.98,59.53,58.25,58.9,58.9,71644.0
2023-10-09 04:00:00+00:00,58.08,59.62,57.97,59.39,59.39,52984.0
2023-10-10 04:00:00+00:00,59.58,60.81,59.44,59.86,59.86,56522.0
2023-10-11 04:00:00+00:00,60.66,61.28,60.56,61.25,61.25,32457.0
2023-10-12 04:00:00+00:00,59.85,60.25,57.62,58.55,58.55,38445.0
2023-10-13 04:00:00+00:00,58.46,58.9,57.31,57.95,57.95,68981.0
2023-10-16 04:00:00+00:00,59.12,59.8,58.52,59.56,59.56,65471.0
2023-10-17 04:00:00+00:00,59.12,60.55,59.12,59.93,59.93,84311.0
2023-10-18 04:00:00+00:00,59.05,59.05,57.58,57.59,57.59,44225.0
2023-10-19 04:00:00+00:00,57.44,57.91,56.25,56.48,56.48,41525.0
2023-10-20 04:00:00+00:00,56.85,56.9,56.01,56.35,56.35,98374.0
2023-10-23 04:00:00+00:00,56.14,56.78,56.04,56.4,56.4,73810.0
2023-10-24 04:00:00+00:00,56.81,56.81,55.95,55.95,55.95,59862.0
2023-10-25 04:00:00+00:00,55.12,55.24,54.14,54.14,54.14,131126.0
2023-10-26 04:00:00+00:00,54.9,55.75,53.15,54.82,54.82,186981.0
2023-10-27 04:00:00+00:00,54.94,54.94,53.5,54.1,54.1,49726.0
2023-10-30 04:00:00+00:00,54.84,55.15,53.81,54.63,54.63,66524.0
2023-10-31 04:00:00+00:00,55.27,55.38,54.4,54.69,54.69,43367.0
2023-11-01 04:00:00+00:00,54.9,56.79,54.57,56.71,56.71,79290.0
2023-11-02 04:00:00+00:00,58.26,58.58,57.73,58.31,58.31,61450.0
2023-11-03 04:00:00+00:00,59.94,61.14,59.7,60.54,60.54,47527.0
2023-11-06 05:00:00+00:00,60.11,60.3,59.32,59.43,59.43,42180.0
2023-11-07 05:00:00+00:00,59.59,60.05,59.52,59.7,59.7,24420.0
2023-11-08 05:00:00+00:00,59.57,60.38,59.56,60.28,60.28,43713.0
2023-11-09 05:00:00+00:00,60.07,60.19,58.86,58.98,58.98,58216.0
2023-11-10 05:00:00+00:00,59.22,59.81,59.02,59.79,59.79,24195.0
2023-11-13 05:00:00+00:00,59.35,59.38,58.6,58.68,58.68,54807.0
2023-11-14 05:00:00+00:00,61.56,64.35,61.56,64.13,64.13,97483.0
2023-11-15 05:00:00+00:00,64.3,65.96,64.3,64.66,64.66,72750.0
2023-11-16 05:00:00+00:00,65.15,65.24,64.2,64.91,64.91,66816.0
2023-11-17 05:00:00+00:00,65.37,66.06,65.3,65.93,65.93,81218.0
2023-11-20 05:00:00+00:00,65.61,65.61,64.59,64.82,64.82,48434.0
2023-11-21 05:00:00+00:00,64.41,64.9,64.07,64.68,64.68,40841.0
2023-11-22 05:00:00+00:00,64.99,65.49,64.7,64.98,64.98,29441.0
2023-11-24 05:00:00+00:00,64.55,65.43,64.54,65.3,65.3,11042.0
2023-11-27 05:00:00+00:00,64.8,66.34,64.8,66.13,66.13,30954.0
2023-11-28 05:00:00+00:00,65.41,66.21,65.21,65.47,65.47,38254.0
2023-11-29 05:00:00+00:00,66.34,67.56,66.34,66.96,66.96,58534.0
2023-11-30 05:00:00+00:00,66.94,67.48,66.4,67.33,67.33,47375.0
2023-12-01 05:00:00+00:00,67.34,70.15,67.28,70.1,70.1,64897.0
2023-12-04 05:00:00+00:00,70.51,71.49,70.51,71.08,71.08,65563.0
2023-12-05 05:00:00+00:00,71.03,71.28,70.39,70.47,70.47,45413.0
2023-12-06 05:00:00+00:00,71.35,72.59,71.35,71.41,71.41,30310.0
2023-12-07 05:00:00+00:00,71.1,71.51,70.91,71.19,71.19,18330.0
2023-12-08 05:00:00+00:00,71.28,72.33,71.28,72.23,72.23,35246.0
2023-12-11 05:00:00+00:00,71.96,72.51,71.79,72.03,72.03,39832.0
2023-12-12 05:00:00+00:00,72.11,73.12,71.98,72.65,72.65,69226.0
2023-12-13 05:00:00+00:00,72.82,75.51,72.02,74.85,74.85,56287.0
2023-12-14 05:00:00+00:00,76.73,79.0,76.7,78.46,78.46,91490.0
2023-12-15 05:00:00+00:00,78.34,79.01,77.69,78.07,78.07,74338.0
2023-12-18 05:00:00+00:00,77.85,77.85,76.28,76.78,76.78,46589.0
2023-12-19 05:00:00+00:00,77.32,77.72,76.81,77.49,77.49,49033.0
2023-12-20 05:00:00+00:00,77.41,77.79,75.88,75.93,75.93,34432.0
2023-12-21 05:00:00+00:00,76.55,76.78,75.18,76.09,76.09,59210.0
2023-12-22 05:00:00+00:00,76.01,76.4,75.73,76.05,76.05,148907.0
2023-12-26 05:00:00+00:00,75.92,76.45,75.85,75.92,75.92,44157.0
2023-12-27 05:00:00+00:00,76.03,76.39,75.74,75.78,75.78,86218.0
2023-12-28 05:00:00+00:00,75.54,75.86,75.2,75.68,75.68,32585.0
2023-12-29 05:00:00+00:00,75.27,75.74,74.92,74.94,74.94,24076.0
2024-01-02 05:00:00+00:00,73.7,74.7,73.6,74.21,74.21,42864.0
2024-01-03 05:00:00+00:00,72.87,73.07,71.98,72.95,72.95,46289.0
2024-01-04 05:00:00+00:00,72.66,73.38,72.56,72.79,72.79,105335.0
2024-01-05 05:00:00+00:00,72.56,74.47,72.56,73.5,73.5,36091.0
2024-01-08 05:00:00+00:00,73.4,75.44,73.4,75.29,75.29,65473.0
2024-01-09 05:00:00+00:00,74.4,75.84,74.36,75.83,75.83,28675.0
2024-01-10 05:00:00+00:00,75.91,77.07,75.82,77.07,77.07,48908.0
2024-01-11 05:00:00+00:00,76.52,77.35,75.8,77.27,77.27,45546.0
2024-01-12 05:00:00+00:00,77.6,77.76,75.97,76.64,76.64,46056.0
2024-01-16 05:00:00+00:00,75.56,76.07,75.33,75.89,75.89,35991.0
2024-01-17 05:00:00+00:00,75.1,75.25,74.66,75.04,75.04,44119.0
2024-01-18 05:00:00+00:00,75.51,76.0,74.64,76.0,76.0,25763.0
2024-01-19 05:00:00+00:00,75.49,76.59,74.94,76.59,76.59,31342.0
2024-01-22 05:00:00+00:00,77.63,78.25,77.35,78.16,78.16,45686.0
2024-01-23 05:00:00+00:00,77.44,77.63,75.43,75.65,75.65,89275.0
2024-01-24 05:00:00+00:00,76.16,76.17,74.51,74.68,74.68,39878.0
2024-01-25 05:00:00+00:00,75.77,77.58,75.41,77.57,77.57,72444.0
2024-01-26 05:00:00+00:00,77.83,78.75,77.63,77.88,77.88,62531.0
2024-01-29 05:00:00+00:00,78.31,78.9,77.81,78.76,78.76,60445.0
2024-01-30 05:00:00+00:00,78.55,79.58,78.4,79.53,79.53,86889.0
2024-01-31 05:00:00+00:00,75.65,78.86,75.22,76.35,76.35,149761.0
2024-02-01 05:00:00+00:00,77.2,77.56,75.56,77.5,77.5,98722.0
2024-02-02 05:00:00+00:00,75.63,76.89,74.94,76.17,76.17,73614.0
2024-02-05 05:00:00+00:00,75.15,75.39,73.89,75.05,75.05,65175.0
2024-02-06 05:00:00+00:00,74.99,76.62,74.99,76.42,76.42,46502.0
2024-02-07 05:00:00+00:00,77.59,78.24,77.2,77.2,77.2,57298.0
2024-02-08 05:00:00+00:00,78.31,78.95,78.04,78.83,78.83,54277.0
2024-02-09 05:00:00+00:00,78.82,79.16,78.46,78.82,78.82,69112.0
2024-02-12 05:00:00+00:00,78.71,80.14,78.71,79.99,79.99,44580.0
2024-02-13 05:00:00+00:00,76.93,78.56,76.42,77.16,77.16,55773.0
2024-02-14 05:00:00+00:00,77.84,78.64,77.3,78.23,78.23,47144.0
2024-02-15 05:00:00+00:00,79.16,79.29,78.52,78.61,78.61,45652.0
2024-02-16 05:00:00+00:00,77.76,78.84,77.69,78.01,78.01,23757.0
2024-02-20 05:00:00+00:00,77.15,78.56,77.02,77.95,77.95,48719.0
2024-02-21 05:00:00+00:00,78.14,78.83,78.14,78.5,78.5,29469.0
2024-02-22 05:00:00+00:00,79.13,79.92,79.13,79.42,79.42,47104.0
2024-02-23 05:00:00+00:00,79.66,79.97,79.31,79.73,79.73,26097.0
2024-02-26 05:00:00+00:00,79.44,79.68,78.72,78.8,78.8,46355.0
2024-02-27 05:00:00+00:00,79.24,80.39,79.19,80.39,80.39,59014.0
2024-02-28 05:00:00+00:00,80.2,80.86,79.46,79.81,79.81,36229.0
2024-02-29 05:00:00+00:00,80.2,80.53,79.75,80.21,80.21,54318.0
2024-03-01 05:00:00+00:00,79.8,81.93,79.8,81.83,81.83,46022.0
2024-03-04 05:00:00+00:00,82.36,82.55,80.89,80.96,80.96,53455.0
2024-03-05 05:00:00+00:00,80.49,81.34,79.75,79.96,79.96,54227.0
2024-03-06 05:00:00+00:00,80.53,80.83,79.04,79.24,79.24,43514.0
2024-03-07 05:00:00+00:00,80.2,80.63,79.92,80.61,80.61,51441.0
2024-03-08 05:00:00+00:00,81.47,81.72,80.19,80.37,80.37,33606.0
2024-03-11 04:00:00+00:00,80.22,80.31,79.1,80.29,80.29,52583.0
2024-03-12 04:00:00+00:00,79.74,80.96,79.74,80.76,80.76,27311.0
2024-03-13 04:00:00+00:00,80.79,80.84,79.89,80.16,80.16,40732.0
2024-03-14 04:00:00+00:00,79.94,80.08,77.79,78.11,78.11,54648.0
2024-03-15 04:00:00+00:00,78.72,79.07,78.45,79.03,79.03,42041.0
2024-03-18 04:00:00+00:00,79.44,79.47,77.68,77.95,77.95,59192.0
2024-03-19 04:00:00+00:00,78.45,79.21,77.88,79.21,79.21,73325.0
2024-03-20 04:00:00+00:00,79.21,80.7,78.99,80.4,80.4,39649.0
2024-03-21 04:00:00+00:00,81.5,83.17,81.09,82.8,82.8,47704.0
2024-03-22 04:00:00+00:00,82.64,82.72,80.98,81.11,81.11,60945.0
2024-03-25 04:00:00+00:00,81.02,81.24,80.43,80.56,80.56,27824.0
2024-03-26 04:00:00+00:00,80.4,81.35,80.4,80.7,80.7,31946.0
2024-03-27 04:00:00+00:00,81.21,83.03,81.21,83.03,83.03,47343.0
2024-03-28 04:00:00+00:00,83.15,83.69,82.89,83.59,83.59,38207.0
2024-04-01 04:00:00+00:00,83.61,83.65,81.88,81.97,81.97,46834.0
2024-04-02 04:00:00+00:00,80.36,80.7,79.83,80.69,80.69,41142.0
2024-04-03 04:00:00+00:00,80.67,81.58,80.31,81.04,81.04,53637.0
2024-04-04 04:00:00+00:00,82.55,83.03,79.81,80.13,80.13,65943.0
2024-04-05 04:00:00+00:00,80.07,81.14,80.07,80.32,80.32,40008.0
2024-04-08 04:00:00+00:00,80.9,81.04,80.04,80.04,80.04,27457.0
2024-04-09 04:00:00+00:00,80.22,80.23,78.75,79.51,79.51,48136.0
2024-04-10 04:00:00+00:00,76.55,77.79,76.09,76.2,76.2,62152.0
2024-04-11 04:00:00+00:00,76.59,76.92,76.35,76.62,76.62,45006.0
2024-04-12 04:00:00+00:00,76.05,76.67,75.49,76.55,76.55,42374.0
2024-04-15 04:00:00+00:00,77.18,77.36,74.8,75.26,75.26,65517.0
2024-04-16 04:00:00+00:00,74.35,74.48,73.24,74.41,74.41,69844.0
2024-04-17 04:00:00+00:00,74.52,74.69,73.31,73.35,73.35,45549.0
2024-04-18 04:00:00+00:00,73.81,74.63,72.56,72.59,72.59,81658.0
2024-04-19 04:00:00+00:00,72.46,72.91,72.14,72.56,72.56,48801.0
2024-04-22 04:00:00+00:00,73.02,73.02,71.65,71.9,71.9,81287.0
2024-04-23 04:00:00+00:00,71.7,73.93,71.7,73.71,73.71,66968.0
2024-04-24 04:00:00+00:00,73.24,74.18,71.79,72.56,72.56,37049.0
2024-04-25 04:00:00+00:00,70.93,72.25,70.57,72.25,72.25,74790.0
2024-04-26 04:00:00+00:00,72.49,73.69,72.44,73.19,73.19,68849.0
2024-04-29 04:00:00+00:00,73.73,74.42,73.51,74.23,74.23,57555.0
2024-04-30 04:00:00+00:00,73.64,74.16,72.12,72.12,72.12,60305.0
2024-05-01 04:00:00+00:00,70.67,71.92,68.99,70.18,70.18,127130.0
2024-05-02 04:00:00+00:00,71.51,71.52,69.36,70.49,70.49,64527.0
2024-05-03 04:00:00+00:00,72.53,73.08,71.66,72.2,72.2,78363.0
2024-05-06 04:00:00+00:00,72.82,73.29,72.51,72.78,72.78,32043.0
2024-05-07 04:00:00+00:00,72.86,73.14,71.81,71.9,71.9,49720.0
2024-05-08 04:00:00+00:00,71.45,72.34,71.22,72.28,72.28,32744.0
2024-05-09 04:00:00+00:00,72.81,74.12,72.47,74.09,74.09,51104.0
2024-05-10 04:00:00+00:00,74.34,74.61,74.07,74.32,74.32,30695.0
2024-05-13 04:00:00+00:00,74.78,74.92,73.13,73.14,73.14,37284.0
2024-05-14 04:00:00+00:00,73.44,73.97,72.9,73.24,73.24,19729.0
2024-05-15 04:00:00+00:00,74.19,74.61,73.86,74.19,74.19,27341.0
2024-05-16 04:00:00+00:00,73.56,73.56,72.16,72.16,72.16,15184.0
2024-05-17 04:00:00+00:00,72.16,72.4,71.8,72.04,72.04,34521.0
2024-05-20 04:00:00+00:00,71.85,72.28,71.26,71.3,71.3,29807.0
2024-05-21 04:00:00+00:00,70.3,71.08,70.23,70.83,70.83,21747.0
2024-05-22 04:00:00+00:00,70.11,70.68,69.4,69.89,69.89,53718.0
2024-05-23 04:00:00+00:00,69.92,70.0,69.23,69.36,69.36,37045.0
2024-05-24 04:00:00+00:00,69.6,69.65,69.16,69.52,69.52,23535.0
2024-05-28 04:00:00+00:00,69.5,69.66,67.73,67.92,67.92,26060.0
2024-05-29 04:00:00+00:00,66.83,67.41,66.72,67.09,67.09,38390.0
2024-05-30 04:00:00+00:00,67.75,68.55,67.75,68.14,68.14,61928.0
2024-05-31 04:00:00+00:00,68.59,69.59,68.06,69.38,69.38,32818.0
2024-06-03 04:00:00+00:00,70.17,70.17,67.77,68.3,68.3,45395.0
2024-06-04 04:00:00+00:00,67.91,68.16,65.85,65.89,65.89,40241.0
2024-06-05 04:00:00+00:00,66.0,66.63,65.36,66.56,66.56,56645.0
2024-06-06 04:00:00+00:00,66.45,66.76,65.89,65.97,65.97,35716.0
2024-06-07 04:00:00+00:00,64.88,65.87,64.75,65.35,65.35,32607.0
2024-06-10 04:00:00+00:00,64.42,65.75,64.42,65.58,65.58,50582.0
2024-06-11 04:00:00+00:00,65.21,65.28,64.81,65.27,65.27,65508.0
2024-06-12 04:00:00+00:00,67.04,68.46,66.94,67.2,67.2,108760.0
2024-06-13 04:00:00+00:00,66.92,68.46,66.83,68.21,68.21,58818.0
2024-06-14 04:00:00+00:00,67.22,67.38,66.03,66.65,66.65,40901.0
2024-06-17 04:00:00+00:00,65.54,66.69,65.5,66.69,66.69,49295.0
2024-06-18 04:00:00+00:00,66.6,66.91,66.28,66.91,66.91,22307.0
2024-06-20 04:00:00+00:00,66.48,66.94,66.1,66.92,66.92,56401.0
2024-06-21 04:00:00+00:00,66.85,66.85,65.61,66.45,66.45,52952.0
2024-06-24 04:00:00+00:00,67.11,67.82,66.45,66.46,66.46,57498.0
2024-06-25 04:00:00+00:00,65.47,65.47,62.25,63.28,63.28,150823.0
2024-06-26 04:00:00+00:00,62.65,64.66,62.65,64.66,64.66,52969.0
2024-06-27 04:00:00+00:00,64.33,64.98,64.33,64.83,64.83,74942.0
2024-06-28 04:00:00+00:00,65.22,65.92,64.11,64.3,64.3,64061.0
2024-07-01 04:00:00+00:00,64.76,64.96,62.62,62.81,62.81,37006.0
2024-07-02 04:00:00+00:00,62.87,63.06,62.66,62.82,62.82,28937.0
2024-07-03 04:00:00+00:00,62.99,63.51,62.63,62.63,62.63,22956.0
2024-07-05 04:00:00+00:00,62.5,63.08,61.94,62.03,62.03,62815.0
2024-07-08 04:00:00+00:00,62.79,64.11,62.79,63.83,63.83,66081.0
2024-07-09 04:00:00+00:00,63.45,64.12,63.4,63.72,63.72,33105.0
2024-07-10 04:00:00+00:00,63.49,64.34,63.46,64.21,64.21,52291.0
2024-07-11 04:00:00+00:00,66.39,68.18,66.2,68.14,68.14,63769.0
2024-07-12 04:00:00+00:00,68.62,70.52,68.45,69.68,69.68,74642.0
2024-07-15 04:00:00+00:00,69.98,70.7,69.27,69.31,69.31,63646.0
2024-07-16 04:00:00+00:00,70.26,74.24,70.26,73.97,73.97,92982.0
2024-07-17 04:00:00+00:00,73.2,74.27,72.92,73.21,73.21,85125.0
2024-07-18 04:00:00+00:00,73.43,75.3,72.53,72.54,72.54,51943.0
2024-07-19 04:00:00+00:00,72.21,72.68,70.6,71.08,71.08,59961.0
2024-07-22 04:00:00+00:00,70.71,71.09,69.54,70.68,70.68,56120.0
2024-07-23 04:00:00+00:00,70.12,70.79,69.77,70.62,70.62,34521.0
2024-07-24 04:00:00+00:00,71.04,71.04,68.35,68.35,68.35,88026.0
2024-07-25 04:00:00+00:00,69.61,72.46,69.61,71.5,71.5,79359.0
2024-07-26 04:00:00+00:00,74.25,78.89,73.96,77.96,77.96,135444.0
2024-07-29 04:00:00+00:00,77.61,79.06,77.44,78.86,78.86,84818.0
2024-07-30 04:00:00+00:00,79.26,80.96,78.98,80.66,80.66,100287.0
2024-07-31 04:00:00+00:00,80.92,81.68,79.72,80.05,80.05,64814.0
2024-08-01 04:00:00+00:00,80.79,81.08,77.84,78.34,78.34,103114.0
2024-08-02 04:00:00+00:00,75.53,76.24,74.48,75.72,75.72,95689.0
2024-08-05 04:00:00+00:00,72.19,74.6,71.97,73.09,73.09,76608.0
2024-08-06 04:00:00+00:00,73.08,74.98,72.15,74.15,74.15,41954.0
2024-08-07 04:00:00+00:00,74.26,75.04,70.53,70.54,70.54,63577.0
2024-08-08 04:00:00+00:00,71.14,72.46,71.01,72.35,72.35,46270.0
2024-08-09 04:00:00+00:00,72.08,72.64,71.65,72.37,72.37,57830.0
2024-08-12 04:00:00+00:00,72.07,72.07,70.81,70.96,70.96,37313.0
2024-08-13 04:00:00+00:00,71.62,73.77,71.58,73.25,73.25,37104.0
2024-08-14 04:00:00+00:00,74.08,74.99,73.71,74.6,74.6,79688.0
2024-08-15 04:00:00+00:00,75.5,77.0,75.28,76.68,76.68,66266.0
2024-08-16 04:00:00+00:00,76.74,77.3,76.05,76.32,76.32,56202.0
2024-08-19 04:00:00+00:00,77.12,77.12,75.81,76.29,76.29,32965.0
2024-08-20 04:00:00+00:00,76.89,77.11,75.96,76.42,76.42,35121.0
2024-08-21 04:00:00+00:00,76.92,78.32,76.52,78.31,78.31,56958.0
2024-08-22 04:00:00+00:00,77.76,78.1,77.14,77.76,77.76,44352.0
2024-08-23 04:00:00+00:00,78.39,80.93,78.35,80.79,80.79,53802.0
2024-08-26 04:00:00+00:00,81.26,81.61,80.36,80.42,80.42,29503.0
2024-08-27 04:00:00+00:00,79.37,79.4,78.64,78.71,78.71,73203.0
2024-08-28 04:00:00+00:00,78.45,78.72,77.94,78.4,78.4,34265.0
2024-08-29 04:00:00+00:00,78.09,79.13,77.69,78.01,78.01,12383.0
2024-08-30 04:00:00+00:00,78.96,79.14,77.97,78.86,78.86,29432.0
2024-09-03 04:00:00+00:00,79.15,79.3,76.38,76.79,76.79,34656.0
2024-09-04 04:00:00+00:00,76.13,76.8,76.13,76.52,76.52,14418.0
2024-09-05 04:00:00+00:00,76.26,77.02,75.78,75.89,75.89,18299.0
2024-09-06 04:00:00+00:00,76.62,78.31,76.2,76.89,76.89,71877.0
2024-09-09 04:00:00+00:00,77.12,78.27,76.82,77.39,77.39,53991.0
2024-09-10 04:00:00+00:00,77.4,79.66,77.4,79.38,79.38,54725.0
2024-09-11 04:00:00+00:00,78.42,78.88,76.69,78.83,78.83,40671.0
2024-09-12 04:00:00+00:00,79.32,80.67,78.3,80.6,80.6,48249.0
2024-09-13 04:00:00+00:00,81.74,82.85,81.74,82.62,82.62,51927.0
2024-09-16 04:00:00+00:00,83.77,83.81,82.7,83.49,83.49,66713.0
2024-09-17 04:00:00+00:00,84.4,85.23,83.64,84.57,84.57,49576.0
2024-09-18 04:00:00+00:00,85.03,86.28,84.03,84.33,84.33,71571.0
2024-09-19 04:00:00+00:00,86.38,87.5,85.16,87.3,87.3,56784.0
2024-09-20 04:00:00+00:00,86.79,87.01,85.84,85.93,85.93,35876.0
2024-09-23 04:00:00+00:00,86.7,86.86,85.37,86.48,86.48,28048.0
2024-09-24 04:00:00+00:00,86.63,87.27,86.32,86.96,86.96,39419.0
2024-09-25 04:00:00+00:00,86.37,86.65,85.4,85.86,85.86,39761.0
2024-09-26 04:00:00+00:00,87.05,87.97,86.79,87.05,87.05,46018.0
2024-09-27 04:00:00+00:00,88.27,88.94,87.43,87.98,87.98,36264.0
2024-09-30 04:00:00+00:00,87.78,89.05,87.69,88.89,88.89,33070.0
2024-10-01 04:00:00+00:00,89.68,89.68,87.31,88.05,88.05,57051.0
2024-10-02 04:00:00+00:00,87.13,88.1,86.78,87.0,87.0,44020.0
2024-10-03 04:00:00+00:00,86.63,87.61,85.9,87.22,87.22,42625.0
2024-10-04 04:00:00+00:00,87.32,87.38,85.2,86.33,86.33,48960.0
2024-10-07 04:00:00+00:00,84.95,86.37,84.63,86.2,86.2,39145.0
2024-10-08 04:00:00+00:00,86.48,87.23,85.76,86.66,86.66,36064.0
2024-10-09 04:00:00+00:00,87.03,88.02,86.88,87.72,87.72,33054.0
2024-10-10 04:00:00+00:00,86.71,87.06,86.22,86.71,86.71,23555.0
2024-10-11 04:00:00+00:00,86.99,87.75,86.98,87.38,87.38,41418.0
2024-10-14 04:00:00+00:00,87.43,88.56,87.34,88.39,88.39,19810.0
2024-10-15 04:00:00+00:00,88.85,89.78,88.25,88.38,88.38,25539.0
2024-10-16 04:00:00+00:00,88.8,89.65,88.8,89.36,89.36,30287.0
2024-10-17 04:00:00+00:00,89.41,89.41,87.84,88.24,88.24,38478.0
2024-10-18 04:00:00+00:00,88.38,89.56,88.02,89.42,89.42,23121.0
2024-10-21 04:00:00+00:00,88.99,88.99,87.29,87.52,87.52,33303.0
2024-10-22 04:00:00+00:00,86.96,86.96,85.71,86.83,86.83,67275.0
2024-10-23 04:00:00+00:00,86.65,87.19,85.32,86.05,86.05,85942.0
2024-10-24 04:00:00+00:00,86.32,87.42,85.7,87.18,87.18,75212.0
2024-10-25 04:00:00+00:00,87.4,87.4,84.86,84.86,84.86,75869.0
2024-10-28 04:00:00+00:00,85.6,86.94,85.6,86.39,86.39,97266.0
2024-10-29 04:00:00+00:00,84.41,84.48,83.04,83.32,83.32,99409.0
2024-10-30 04:00:00+00:00,82.59,84.26,82.59,83.49,83.49,52403.0
2024-10-31 04:00:00+00:00,83.6,83.6,82.66,82.76,82.76,21983.0
2024-11-01 04:00:00+00:00,83.38,84.16,82.75,83.25,83.25,50005.0
2024-11-04 05:00:00+00:00,83.03,85.09,82.99,83.55,83.55,49502.0
2024-11-05 05:00:00+00:00,83.09,85.15,82.97,85.0,85.0,37894.0
2024-11-06 05:00:00+00:00,85.17,85.17,80.62,83.7,83.7,129497.0
2024-11-07 05:00:00+00:00,75.17,79.96,74.92,78.55,78.55,143590.0
2024-11-08 05:00:00+00:00,78.46,79.64,78.21,78.49,78.49,95379.0
2024-11-11 05:00:00+00:00,79.13,79.5,77.66,77.88,77.88,59671.0
2024-11-12 05:00:00+00:00,77.47,77.47,75.65,75.67,75.67,74254.0
2024-11-13 05:00:00+00:00,76.74,76.74,74.63,74.78,74.78,90689.0
2024-11-14 05:00:00+00:00,75.03,75.15,74.42,74.53,74.53,39181.0
2024-11-15 05:00:00+00:00,74.53,74.7,73.31,73.45,73.45,69308.0
2024-11-18 05:00:00+00:00,73.1,73.87,72.69,73.77,73.77,54750.0
2024-11-19 05:00:00+00:00,73.52,73.87,72.75,73.01,73.01,78691.0
2024-11-20 05:00:00+00:00,73.74,74.73,73.43,74.39,74.39,81789.0
2024-11-21 05:00:00+00:00,73.95,75.42,73.95,75.22,75.22,63993.0
2024-11-22 05:00:00+00:00,76.07,76.6,75.89,76.2,76.2,54858.0
2024-11-25 05:00:00+00:00,77.59,81.62,77.59,80.65,80.65,83656.0
2024-11-26 05:00:00+00:00,78.43,78.43,77.44,77.73,77.73,41813.0
2024-11-27 05:00:00+00:00,78.38,78.38,77.46,77.67,77.67,55653.0
2024-11-29 05:00:00+00:00,78.55,78.82,77.76,78.06,78.06,17669.0
2024-12-02 05:00:00+00:00,77.27,78.26,76.84,77.8,77.8,23469.0
2024-12-03 05:00:00+00:00,78.08,78.68,77.89,78.42,78.42,54529.0
2024-12-04 05:00:00+00:00,77.94,79.07,77.69,78.95,78.95,48215.0
2024-12-05 05:00:00+00:00,79.28,79.85,78.23,78.39,78.39,45388.0
2024-12-06 05:00:00+00:00,79.09,79.6,78.26,78.55,78.55,41854.0
2024-12-09 05:00:00+00:00,78.93,79.52,78.5,78.57,78.57,84315.0
2024-12-10 05:00:00+00:00,77.04,78.48,75.14,77.35,77.35,56957.0
2024-12-11 05:00:00+00:00,78.1,78.28,77.09,78.02,78.02,75150.0
2024-12-12 05:00:00+00:00,77.37,77.74,77.04,77.12,77.12,45798.0
2024-12-13 05:00:00+00:00,76.93,76.93,75.23,75.55,75.55,41403.0
2024-12-16 05:00:00+00:00,75.75,75.96,74.47,74.64,74.64,61419.0
2024-12-17 05:00:00+00:00,74.25,74.54,73.4,73.53,73.53,49932.0
2024-12-18 05:00:00+00:00,73.4,73.67,69.76,69.76,69.76,50309.0
2024-12-19 05:00:00+00:00,70.02,70.02,68.28,68.29,68.29,52419.0
2024-12-20 05:00:00+00:00,68.7,69.83,68.54,69.44,69.44,66850.0
2024-12-23 05:00:00+00:00,68.99,69.1,68.69,68.85,68.85,6825.0
2024-12-24 05:00:00+00:00,69.19,69.59,68.76,69.55,69.55,37757.0
2024-12-26 05:00:00+00:00,68.74,69.72,68.74,69.63,69.63,44163.0
2024-12-27 05:00:00+00:00,69.46,69.49,68.33,68.94,68.94,31208.0
2024-12-30 05:00:00+00:00,68.37,68.39,67.37,68.03,68.03,24534.0
2024-12-31 05:00:00+00:00,68.72,68.77,67.78,68.02,68.02,19350.0
2025-01-02 05:00:00+00:00,68.39,69.35,67.23,67.32,67.32,54705.0
2025-01-03 05:00:00+00:00,67.75,68.12,67.29,67.92,67.92,37581.0
2025-01-06 05:00:00+00:00,68.14,69.61,67.98,68.06,68.06,84454.0
2025-01-07 05:00:00+00:00,68.08,68.41,67.02,67.71,67.71,73869.0
2025-01-08 05:00:00+00:00,67.97,69.74,67.55,69.08,69.08,92866.0
2025-01-10 05:00:00+00:00,67.98,69.02,67.3,68.74,68.74,107957.0
2025-01-13 05:00:00+00:00,68.42,70.76,68.42,70.57,70.57,47288.0
2025-01-14 05:00:00+00:00,71.7,72.32,71.33,72.28,72.28,60884.0
2025-01-15 05:00:00+00:00,74.59,74.6,73.6,74.0,74.0,121120.0
2025-01-16 05:00:00+00:00,73.72,74.31,73.05,74.25,74.25,92582.0
2025-01-17 05:00:00+00:00,74.83,75.08,74.38,74.38,74.38,66131.0
2025-01-21 05:00:00+00:00,75.36,75.51,73.7,74.0,74.0,85373.0
2025-01-22 05:00:00+00:00,73.45,73.62,72.81,72.88,72.88,90090.0
2025-01-23 05:00:00+00:00,72.8,73.36,72.07,72.62,72.62,100441.0
2025-01-24 05:00:00+00:00,72.17,72.76,71.73,72.23,72.23,62062.0
2025-01-27 05:00:00+00:00,73.13,75.21,73.13,74.52,74.52,69860.0
2025-01-28 05:00:00+00:00,73.57,73.73,72.64,72.66,72.66,68204.0
2025-01-29 05:00:00+00:00,73.0,73.16,71.46,71.77,71.77,34895.0
2025-01-30 05:00:00+00:00,72.47,73.6,72.15,72.96,72.96,67762.0
2025-01-31 05:00:00+00:00,72.54,73.03,71.17,71.39,71.39,72558.0
2025-02-03 05:00:00+00:00,69.08,69.9,68.07,68.66,68.66,108924.0
2025-02-04 05:00:00+00:00,68.14,69.35,68.03,68.74,68.74,88776.0
2025-02-05 05:00:00+00:00,69.06,69.1,68.09,68.99,68.99,83031.0
2025-02-06 05:00:00+00:00,69.45,69.75,68.54,68.72,68.72,128559.0
2025-02-07 05:00:00+00:00,65.67,68.2,65.61,67.86,67.86,223102.0
2025-02-10 05:00:00+00:00,68.72,69.17,68.27,68.3,68.3,133029.0
2025-02-11 05:00:00+00:00,68.16,70.12,68.16,69.03,69.03,107037.0
2025-02-12 05:00:00+00:00,67.28,69.16,66.92,68.65,68.65,136158.0
2025-02-13 05:00:00+00:00,69.02,69.39,68.08,68.1,68.1,77178.0
2025-02-14 05:00:00+00:00,69.33,69.73,68.48,68.67,68.67,105536.0
2025-02-18 05:00:00+00:00,68.48,69.01,67.29,68.1,68.1,81151.0
2025-02-19 05:00:00+00:00,67.39,67.63,66.04,66.72,66.72,68099.0
2025-02-20 05:00:00+00:00,66.84,67.06,66.35,66.38,66.38,45665.0
2025-02-21 05:00:00+00:00,66.8,66.8,65.16,65.44,65.44,66480.0
2025-02-24 05:00:00+00:00,65.465,65.6,64.795,64.81,64.81,72131.0
2025-02-25 05:00:00+00:00,65.39,67.3,65.39,66.28,66.28,56795.0
2025-02-26 05:00:00+00:00,66.625,66.625,65.66,65.815,65.815,58353.0
2025-02-27 05:00:00+00:00,65.705,66.14,64.86,64.98,64.98,317016.0
2025-02-28 05:00:00+00:00,65.38,65.51,63.96,64.69,64.69,197982.0
2025-03-03 05:00:00+00:00,64.82,65.77,62.98,63.12,63.12,88617.0
2025-03-04 05:00:00+00:00,62.25,62.56,60.81,61.2,61.2,121521.0
2025-03-05 05:00:00+00:00,61.875,63.56,61.61,62.42,62.42,159203.0
2025-03-06 05:00:00+00:00,62.325,63.46,62.155,63.17,63.17,94168.0
2025-03-07 05:00:00+00:00,63.06,64.0,62.47,63.755,63.755,88727.0
2025-03-10 04:00:00+00:00,63.505,65.66,63.505,64.1,64.1,104946.0
2025-03-11 04:00:00+00:00,64.16,64.16,61.135,61.415,61.415,71245.0
2025-03-12 04:00:00+00:00,61.4,61.55,60.46,61.0,61.0,92254.0
2025-03-13 04:00:00+00:00,60.83,61.335,59.68,60.07,60.07,90762.0
2025-03-14 04:00:00+00:00,61.075,62.215,60.575,62.125,62.125,40086.0
2025-03-17 04:00:00+00:00,62.675,63.835,62.675,63.63,63.63,49018.0
2025-03-18 04:00:00+00:00,63.02,63.7,63.02,63.32,63.32,61083.0
2025-03-19 04:00:00+00:00,63.155,63.99,62.94,63.53,63.53,44806.0
2025-03-20 04:00:00+00:00,63.115,64.27,62.74,63.04,63.04,194870.0
2025-03-21 04:00:00+00:00,62.01,62.58,61.65,62.4,62.4,58313.0
2025-03-24 04:00:00+00:00,63.445,64.04,63.145,63.815,63.815,28450.0
2025-03-25 04:00:00+00:00,63.32,63.495,62.06,62.79,62.79,40960.0
2025-03-26 04:00:00+00:00,62.48,62.985,62.015,62.265,62.265,53902.0
2025-03-27 04:00:00+00:00,62.07,62.82,61.83,62.67,62.67,64420.0
2025-03-28 04:00:00+00:00,62.195,62.195,60.68,60.82,60.82,52832.0
2025-03-31 04:00:00+00:00,60.18,61.43,59.73,60.85,60.85,45594.0
2025-04-01 04:00:00+00:00,60.78,61.43,60.19,60.9,60.9,47477.0
2025-04-02 04:00:00+00:00,60.835,61.71,60.625,61.62,61.62,51181.0
2025-04-03 04:00:00+00:00,58.75,58.75,54.63,55.0,55.0,294936.0
2025-04-04 04:00:00+00:00,53.085,53.67,50.72,53.03,53.03,238250.0
