Date,Open,High,Low,Close,Adj Close,Volume
2021-04-12 04:00:00+00:00,34.63,34.63,34.63,34.63,34.63,100.0
2021-06-16 04:00:00+00:00,38.72,38.72,38.72,38.72,38.72,100.0
2021-07-07 04:00:00+00:00,42.17,42.17,42.17,42.17,42.17,100.0
2021-08-03 04:00:00+00:00,43.91,43.91,43.91,43.91,43.91,100.0
2021-08-25 04:00:00+00:00,47.18,47.18,47.18,47.18,47.18,100.0
2021-09-07 04:00:00+00:00,48.58,48.58,48.57,48.57,48.57,200.0
2021-09-08 04:00:00+00:00,48.34,48.34,48.34,48.34,48.34,100.0
2021-11-30 05:00:00+00:00,48.19,48.19,48.19,48.19,48.19,100.0
2022-01-06 05:00:00+00:00,44.48,44.48,44.48,44.48,44.48,100.0
2022-01-07 05:00:00+00:00,44.54,44.54,44.54,44.54,44.54,100.0
2022-01-10 05:00:00+00:00,41.56,41.56,41.56,41.56,41.56,100.0
2022-01-13 05:00:00+00:00,43.71,43.71,43.71,43.71,43.71,100.0
2022-02-07 05:00:00+00:00,39.91,39.91,39.91,39.91,39.91,100.0
2022-02-25 05:00:00+00:00,40.91,41.62,40.91,41.62,41.62,200.0
2022-02-28 05:00:00+00:00,43.34,43.34,43.34,43.34,43.34,100.0
2022-04-01 04:00:00+00:00,48.43,48.43,48.43,48.43,48.43,100.0
2022-04-07 04:00:00+00:00,45.48,45.48,45.48,45.48,45.48,200.0
2022-05-26 04:00:00+00:00,29.79,29.79,29.79,29.79,29.79,100.0
2022-06-22 04:00:00+00:00,26.61,26.61,26.61,26.61,26.61,100.0
2022-07-07 04:00:00+00:00,30.31,30.31,30.31,30.31,30.31,100.0
2022-07-08 04:00:00+00:00,30.31,30.31,30.31,30.31,30.31,0.0
2022-07-11 04:00:00+00:00,30.31,30.31,30.31,30.31,30.31,0.0
2022-07-12 04:00:00+00:00,30.31,30.31,30.31,30.31,30.31,0.0
2022-07-13 04:00:00+00:00,30.31,30.31,30.31,30.31,30.31,0.0
2022-07-14 04:00:00+00:00,30.31,30.31,30.31,30.31,30.31,0.0
2022-07-15 04:00:00+00:00,30.31,30.31,30.31,30.31,30.31,0.0
2022-07-18 04:00:00+00:00,30.31,30.31,30.31,30.31,30.31,0.0
2022-07-19 04:00:00+00:00,30.31,30.31,30.31,30.31,30.31,0.0
2022-07-20 04:00:00+00:00,30.31,30.31,30.31,30.31,30.31,0.0
2022-07-21 04:00:00+00:00,30.31,30.31,30.31,30.31,30.31,0.0
2022-07-22 04:00:00+00:00,30.31,30.31,30.31,30.31,30.31,0.0
2022-07-25 04:00:00+00:00,30.31,30.31,30.31,30.31,30.31,0.0
2022-07-26 04:00:00+00:00,30.31,30.31,30.31,30.31,30.31,0.0
2022-07-27 04:00:00+00:00,30.31,30.31,30.31,30.31,30.31,0.0
2022-07-28 04:00:00+00:00,30.31,30.31,30.31,30.31,30.31,0.0
2022-07-29 04:00:00+00:00,28.69,28.69,28.69,28.69,28.69,100.0
2022-08-01 04:00:00+00:00,28.73,28.73,28.73,28.73,28.73,100.0
2022-08-02 04:00:00+00:00,28.73,28.73,28.73,28.73,28.73,0.0
2022-08-03 04:00:00+00:00,28.73,28.73,28.73,28.73,28.73,0.0
2022-08-04 04:00:00+00:00,31.13,31.13,31.13,31.13,31.13,100.0
2022-08-05 04:00:00+00:00,31.13,31.13,31.13,31.13,31.13,0.0
2022-08-08 04:00:00+00:00,31.13,31.13,31.13,31.13,31.13,0.0
2022-08-09 04:00:00+00:00,31.13,31.13,31.13,31.13,31.13,0.0
2022-08-10 04:00:00+00:00,31.13,31.13,31.13,31.13,31.13,0.0
2022-08-11 04:00:00+00:00,31.13,31.13,31.13,31.13,31.13,0.0
2022-08-12 04:00:00+00:00,31.13,31.13,31.13,31.13,31.13,0.0
2022-08-15 04:00:00+00:00,31.13,31.13,31.13,31.13,31.13,0.0
2022-08-16 04:00:00+00:00,31.13,31.13,31.13,31.13,31.13,0.0
2022-08-17 04:00:00+00:00,31.13,31.13,31.13,31.13,31.13,0.0
2022-08-18 04:00:00+00:00,31.13,31.13,31.13,31.13,31.13,0.0
2022-08-19 04:00:00+00:00,31.13,31.13,31.13,31.13,31.13,0.0
2022-08-22 04:00:00+00:00,31.13,31.13,31.13,31.13,31.13,0.0
2022-08-23 04:00:00+00:00,31.13,31.13,31.13,31.13,31.13,0.0
2022-08-24 04:00:00+00:00,31.13,31.13,31.13,31.13,31.13,0.0
2022-08-25 04:00:00+00:00,31.13,31.13,31.13,31.13,31.13,0.0
2022-08-26 04:00:00+00:00,31.13,31.13,31.13,31.13,31.13,0.0
2022-08-29 04:00:00+00:00,31.13,31.13,31.13,31.13,31.13,0.0
2022-08-30 04:00:00+00:00,31.13,31.13,31.13,31.13,31.13,0.0
2022-08-31 04:00:00+00:00,31.13,31.13,31.13,31.13,31.13,0.0
2022-09-01 04:00:00+00:00,31.13,31.13,31.13,31.13,31.13,0.0
2022-09-02 04:00:00+00:00,31.13,31.13,31.13,31.13,31.13,0.0
2022-09-06 04:00:00+00:00,26.6,26.6,26.6,26.6,26.6,150.0
2022-09-07 04:00:00+00:00,26.6,26.6,26.6,26.6,26.6,0.0
2022-09-08 04:00:00+00:00,26.6,26.6,26.6,26.6,26.6,0.0
2022-09-09 04:00:00+00:00,26.6,26.6,26.6,26.6,26.6,0.0
2022-09-12 04:00:00+00:00,26.6,26.6,26.6,26.6,26.6,0.0
2022-09-13 04:00:00+00:00,26.6,26.6,26.6,26.6,26.6,0.0
2022-09-14 04:00:00+00:00,26.6,26.6,26.6,26.6,26.6,0.0
2022-09-15 04:00:00+00:00,26.6,26.6,26.6,26.6,26.6,0.0
2022-09-16 04:00:00+00:00,26.6,26.6,26.6,26.6,26.6,0.0
2022-09-19 04:00:00+00:00,26.6,26.6,26.6,26.6,26.6,0.0
2022-09-20 04:00:00+00:00,26.6,26.6,26.6,26.6,26.6,0.0
2022-09-21 04:00:00+00:00,26.6,26.6,26.6,26.6,26.6,0.0
2022-09-22 04:00:00+00:00,26.6,26.6,26.6,26.6,26.6,0.0
2022-09-23 04:00:00+00:00,26.6,26.6,26.6,26.6,26.6,0.0
2022-09-26 04:00:00+00:00,26.6,26.6,26.6,26.6,26.6,0.0
2022-09-27 04:00:00+00:00,26.6,26.6,26.6,26.6,26.6,0.0
2022-09-28 04:00:00+00:00,26.6,26.6,26.6,26.6,26.6,0.0
2022-09-29 04:00:00+00:00,26.6,26.6,26.6,26.6,26.6,0.0
2022-09-30 04:00:00+00:00,26.6,26.6,26.6,26.6,26.6,0.0
2022-10-03 04:00:00+00:00,26.6,26.6,26.6,26.6,26.6,0.0
2022-10-04 04:00:00+00:00,26.6,26.6,26.6,26.6,26.6,0.0
2022-10-05 04:00:00+00:00,26.6,26.6,26.6,26.6,26.6,0.0
2022-10-06 04:00:00+00:00,26.6,26.6,26.6,26.6,26.6,0.0
2022-10-07 04:00:00+00:00,26.6,26.6,26.6,26.6,26.6,0.0
2022-10-10 04:00:00+00:00,26.6,26.6,26.6,26.6,26.6,0.0
2022-10-11 04:00:00+00:00,26.6,26.6,26.6,26.6,26.6,0.0
2022-10-12 04:00:00+00:00,26.6,26.6,26.6,26.6,26.6,0.0
2022-10-13 04:00:00+00:00,26.6,26.6,26.6,26.6,26.6,0.0
2022-10-14 04:00:00+00:00,26.6,26.6,26.6,26.6,26.6,0.0
2022-10-17 04:00:00+00:00,26.6,26.6,26.6,26.6,26.6,0.0
2022-10-18 04:00:00+00:00,26.6,26.6,26.6,26.6,26.6,0.0
2022-10-19 04:00:00+00:00,26.6,26.6,26.6,26.6,26.6,0.0
2022-10-20 04:00:00+00:00,26.6,26.6,26.6,26.6,26.6,0.0
2022-10-21 04:00:00+00:00,26.6,26.6,26.6,26.6,26.6,0.0
2022-10-24 04:00:00+00:00,26.6,26.6,26.6,26.6,26.6,0.0
2022-10-25 04:00:00+00:00,26.6,26.6,26.6,26.6,26.6,0.0
2022-10-26 04:00:00+00:00,26.6,26.6,26.6,26.6,26.6,0.0
2022-10-27 04:00:00+00:00,26.29,26.29,26.29,26.29,26.29,100.0
2022-10-28 04:00:00+00:00,26.29,26.29,26.29,26.29,26.29,0.0
2022-10-31 04:00:00+00:00,26.29,26.29,26.29,26.29,26.29,0.0
2022-11-01 04:00:00+00:00,26.29,26.29,26.29,26.29,26.29,0.0
2022-11-02 04:00:00+00:00,26.29,26.29,26.29,26.29,26.29,0.0
2022-11-03 04:00:00+00:00,26.29,26.29,26.29,26.29,26.29,0.0
2022-11-04 04:00:00+00:00,26.29,26.29,26.29,26.29,26.29,0.0
2022-11-07 05:00:00+00:00,26.29,26.29,26.29,26.29,26.29,0.0
2022-11-08 05:00:00+00:00,23.29,23.29,23.29,23.29,23.29,102.0
2022-11-09 05:00:00+00:00,23.29,23.29,23.29,23.29,23.29,0.0
2022-11-10 05:00:00+00:00,23.29,23.29,23.29,23.29,23.29,0.0
2022-11-11 05:00:00+00:00,23.29,23.29,23.29,23.29,23.29,0.0
2022-11-14 05:00:00+00:00,23.29,23.29,23.29,23.29,23.29,0.0
2022-11-15 05:00:00+00:00,23.29,23.29,23.29,23.29,23.29,0.0
2022-11-16 05:00:00+00:00,23.29,23.29,23.29,23.29,23.29,0.0
2022-11-17 05:00:00+00:00,23.29,23.29,23.29,23.29,23.29,0.0
2022-11-18 05:00:00+00:00,23.29,23.29,23.29,23.29,23.29,0.0
2022-11-21 05:00:00+00:00,23.29,23.29,23.29,23.29,23.29,0.0
2022-11-22 05:00:00+00:00,23.29,23.29,23.29,23.29,23.29,0.0
2022-11-23 05:00:00+00:00,23.29,23.29,23.29,23.29,23.29,0.0
2022-11-25 05:00:00+00:00,23.29,23.29,23.29,23.29,23.29,0.0
2022-11-28 05:00:00+00:00,23.29,23.29,23.29,23.29,23.29,0.0
2022-11-29 05:00:00+00:00,23.29,23.29,23.29,23.29,23.29,0.0
2022-11-30 05:00:00+00:00,23.29,23.29,23.29,23.29,23.29,0.0
2022-12-01 05:00:00+00:00,23.29,23.29,23.29,23.29,23.29,0.0
2022-12-02 05:00:00+00:00,23.29,23.29,23.29,23.29,23.29,0.0
2022-12-05 05:00:00+00:00,23.29,23.29,23.29,23.29,23.29,0.0
2022-12-06 05:00:00+00:00,23.29,23.29,23.29,23.29,23.29,0.0
2022-12-07 05:00:00+00:00,23.29,23.29,23.29,23.29,23.29,0.0
2022-12-08 05:00:00+00:00,23.29,23.29,23.29,23.29,23.29,0.0
2022-12-09 05:00:00+00:00,23.29,23.29,23.29,23.29,23.29,0.0
2022-12-12 05:00:00+00:00,23.29,23.29,23.29,23.29,23.29,0.0
2022-12-13 05:00:00+00:00,23.29,23.29,23.29,23.29,23.29,0.0
2022-12-14 05:00:00+00:00,23.29,23.29,23.29,23.29,23.29,0.0
2022-12-15 05:00:00+00:00,23.29,23.29,23.29,23.29,23.29,0.0
2022-12-16 05:00:00+00:00,23.29,23.29,23.29,23.29,23.29,0.0
2022-12-19 05:00:00+00:00,23.29,23.29,23.29,23.29,23.29,0.0
2022-12-20 05:00:00+00:00,23.29,23.29,23.29,23.29,23.29,0.0
2022-12-21 05:00:00+00:00,23.29,23.29,23.29,23.29,23.29,0.0
2022-12-22 05:00:00+00:00,23.29,23.29,23.29,23.29,23.29,0.0
2022-12-23 05:00:00+00:00,23.29,23.29,23.29,23.29,23.29,0.0
2022-12-27 05:00:00+00:00,23.29,23.29,23.29,23.29,23.29,0.0
2022-12-28 05:00:00+00:00,23.29,23.29,23.29,23.29,23.29,0.0
2022-12-29 05:00:00+00:00,23.29,23.29,23.29,23.29,23.29,0.0
2022-12-30 05:00:00+00:00,23.29,23.29,23.29,23.29,23.29,0.0
2023-01-03 05:00:00+00:00,23.29,23.29,23.29,23.29,23.29,0.0
2023-01-04 05:00:00+00:00,23.29,23.29,23.29,23.29,23.29,0.0
2023-01-05 05:00:00+00:00,23.29,23.29,23.29,23.29,23.29,0.0
2023-01-06 05:00:00+00:00,23.29,23.29,23.29,23.29,23.29,0.0
2023-01-09 05:00:00+00:00,22.27,22.27,22.27,22.27,22.27,100.0
2023-01-10 05:00:00+00:00,23.29,23.29,23.29,23.29,23.29,0.0
2023-01-11 05:00:00+00:00,23.29,23.29,23.29,23.29,23.29,0.0
2023-01-12 05:00:00+00:00,23.29,23.29,23.29,23.29,23.29,0.0
2023-01-13 05:00:00+00:00,23.29,23.29,23.29,23.29,23.29,0.0
2023-01-17 05:00:00+00:00,23.29,23.29,23.29,23.29,23.29,0.0
2023-01-18 05:00:00+00:00,23.29,23.29,23.29,23.29,23.29,0.0
2023-01-19 05:00:00+00:00,23.29,23.29,23.29,23.29,23.29,0.0
2023-01-20 05:00:00+00:00,23.29,23.29,23.29,23.29,23.29,0.0
2023-01-23 05:00:00+00:00,23.29,23.29,23.29,23.29,23.29,0.0
2023-01-24 05:00:00+00:00,23.29,23.29,23.29,23.29,23.29,0.0
2023-01-25 05:00:00+00:00,23.29,23.29,23.29,23.29,23.29,0.0
2023-01-26 05:00:00+00:00,23.29,23.29,23.29,23.29,23.29,0.0
2023-01-27 05:00:00+00:00,24.08,24.08,24.08,24.08,24.08,100.0
2023-01-30 05:00:00+00:00,23.29,23.29,23.29,23.29,23.29,0.0
2023-01-31 05:00:00+00:00,23.29,23.29,23.29,23.29,23.29,0.0
2023-02-01 05:00:00+00:00,23.29,23.29,23.29,23.29,23.29,0.0
2023-02-02 05:00:00+00:00,23.29,23.29,23.29,23.29,23.29,0.0
2023-02-03 05:00:00+00:00,23.29,23.29,23.29,23.29,23.29,0.0
2023-02-06 05:00:00+00:00,23.29,23.29,23.29,23.29,23.29,0.0
2023-02-07 05:00:00+00:00,24.81,24.99,24.81,24.99,24.99,300.0
2023-02-08 05:00:00+00:00,23.29,23.29,23.29,23.29,23.29,0.0
2023-02-09 05:00:00+00:00,25.58,25.58,25.58,25.58,25.58,100.0
2023-02-10 05:00:00+00:00,23.29,23.29,23.29,23.29,23.29,0.0
2023-02-13 05:00:00+00:00,23.29,23.29,23.29,23.29,23.29,0.0
2023-02-14 05:00:00+00:00,23.29,23.29,23.29,23.29,23.29,0.0
2023-02-15 05:00:00+00:00,23.29,23.29,23.29,23.29,23.29,0.0
2023-02-16 05:00:00+00:00,23.29,23.29,23.29,23.29,23.29,0.0
2023-02-17 05:00:00+00:00,23.29,23.29,23.29,23.29,23.29,0.0
2023-02-21 05:00:00+00:00,23.29,23.29,23.29,23.29,23.29,0.0
2023-02-22 05:00:00+00:00,23.29,23.29,23.29,23.29,23.29,0.0
2023-02-23 05:00:00+00:00,23.29,23.29,23.29,23.29,23.29,0.0
2023-02-24 05:00:00+00:00,23.29,23.29,23.29,23.29,23.29,0.0
2023-02-27 05:00:00+00:00,23.29,23.29,23.29,23.29,23.29,0.0
2023-02-28 05:00:00+00:00,23.29,23.29,23.29,23.29,23.29,0.0
2023-03-01 05:00:00+00:00,23.29,23.29,23.29,23.29,23.29,0.0
2023-03-02 05:00:00+00:00,23.29,23.29,23.29,23.29,23.29,0.0
2023-03-03 05:00:00+00:00,23.29,23.29,23.29,23.29,23.29,0.0
2023-03-06 05:00:00+00:00,23.29,23.29,23.29,23.29,23.29,0.0
2023-03-07 05:00:00+00:00,23.29,23.29,23.29,23.29,23.29,0.0
2023-03-08 05:00:00+00:00,23.29,23.29,23.29,23.29,23.29,0.0
2023-03-09 05:00:00+00:00,23.29,23.29,23.29,23.29,23.29,0.0
2023-03-10 05:00:00+00:00,23.29,23.29,23.29,23.29,23.29,0.0
2023-03-13 04:00:00+00:00,23.29,23.29,23.29,23.29,23.29,0.0
2023-03-14 04:00:00+00:00,23.29,23.29,23.29,23.29,23.29,0.0
2023-03-15 04:00:00+00:00,23.29,23.29,23.29,23.29,23.29,0.0
2023-03-16 04:00:00+00:00,23.29,23.29,23.29,23.29,23.29,0.0
2023-03-17 04:00:00+00:00,23.29,23.29,23.29,23.29,23.29,0.0
2023-03-20 04:00:00+00:00,23.29,23.29,23.29,23.29,23.29,0.0
2023-03-21 04:00:00+00:00,23.29,23.29,23.29,23.29,23.29,0.0
2023-03-22 04:00:00+00:00,23.29,23.29,23.29,23.29,23.29,0.0
2023-03-23 04:00:00+00:00,23.29,23.29,23.29,23.29,23.29,0.0
2023-03-24 04:00:00+00:00,23.29,23.29,23.29,23.29,23.29,0.0
2023-03-27 04:00:00+00:00,23.29,23.29,23.29,23.29,23.29,0.0
2023-03-28 04:00:00+00:00,23.29,23.29,23.29,23.29,23.29,0.0
2023-03-29 04:00:00+00:00,23.29,23.29,23.29,23.29,23.29,0.0
2023-03-30 04:00:00+00:00,23.29,23.29,23.29,23.29,23.29,0.0
2023-03-31 04:00:00+00:00,23.29,23.29,23.29,23.29,23.29,0.0
2023-04-03 04:00:00+00:00,23.29,23.29,23.29,23.29,23.29,0.0
2023-04-04 04:00:00+00:00,23.29,23.29,23.29,23.29,23.29,0.0
2023-04-05 04:00:00+00:00,23.29,23.29,23.29,23.29,23.29,0.0
2023-04-06 04:00:00+00:00,23.29,23.29,23.29,23.29,23.29,0.0
2023-04-10 04:00:00+00:00,23.29,23.29,23.29,23.29,23.29,0.0
2023-04-11 04:00:00+00:00,23.29,23.29,23.29,23.29,23.29,0.0
2023-04-12 04:00:00+00:00,23.29,23.29,23.29,23.29,23.29,0.0
2023-04-13 04:00:00+00:00,23.29,23.29,23.29,23.29,23.29,0.0
2023-04-14 04:00:00+00:00,23.29,23.29,23.29,23.29,23.29,0.0
2023-04-17 04:00:00+00:00,23.29,23.29,23.29,23.29,23.29,0.0
2023-04-18 04:00:00+00:00,23.29,23.29,23.29,23.29,23.29,0.0
2023-04-19 04:00:00+00:00,23.29,23.29,23.29,23.29,23.29,0.0
2023-04-20 04:00:00+00:00,23.29,23.29,23.29,23.29,23.29,0.0
2023-04-21 04:00:00+00:00,23.29,23.29,23.29,23.29,23.29,0.0
2023-04-24 04:00:00+00:00,24.87,24.87,24.87,24.87,24.87,100.0
2023-04-25 04:00:00+00:00,23.29,23.29,23.29,23.29,23.29,0.0
2023-04-26 04:00:00+00:00,23.29,23.29,23.29,23.29,23.29,0.0
2023-04-27 04:00:00+00:00,23.29,23.29,23.29,23.29,23.29,0.0
2023-04-28 04:00:00+00:00,23.29,23.29,23.29,23.29,23.29,0.0
2023-05-01 04:00:00+00:00,23.29,23.29,23.29,23.29,23.29,0.0
2023-05-02 04:00:00+00:00,23.29,23.29,23.29,23.29,23.29,0.0
2023-05-03 04:00:00+00:00,23.29,23.29,23.29,23.29,23.29,0.0
2023-05-04 04:00:00+00:00,23.29,23.29,23.29,23.29,23.29,0.0
2023-05-05 04:00:00+00:00,23.29,23.29,23.29,23.29,23.29,0.0
2023-05-08 04:00:00+00:00,23.29,23.29,23.29,23.29,23.29,0.0
2023-05-09 04:00:00+00:00,23.29,23.29,23.29,23.29,23.29,0.0
2023-05-10 04:00:00+00:00,23.29,23.29,23.29,23.29,23.29,0.0
2023-05-11 04:00:00+00:00,23.29,23.29,23.29,23.29,23.29,0.0
2023-05-12 04:00:00+00:00,23.29,23.29,23.29,23.29,23.29,0.0
2023-05-15 04:00:00+00:00,23.29,23.29,23.29,23.29,23.29,0.0
2023-05-16 04:00:00+00:00,23.29,23.29,23.29,23.29,23.29,0.0
2023-05-17 04:00:00+00:00,23.29,23.29,23.29,23.29,23.29,0.0
2023-05-18 04:00:00+00:00,23.29,23.29,23.29,23.29,23.29,0.0
2023-05-19 04:00:00+00:00,23.29,23.29,23.29,23.29,23.29,0.0
2023-05-22 04:00:00+00:00,23.29,23.29,23.29,23.29,23.29,0.0
2023-05-23 04:00:00+00:00,23.29,23.29,23.29,23.29,23.29,0.0
2023-05-24 04:00:00+00:00,23.29,23.29,23.29,23.29,23.29,0.0
2023-05-25 04:00:00+00:00,23.29,23.29,23.29,23.29,23.29,0.0
2023-05-26 04:00:00+00:00,23.29,23.29,23.29,23.29,23.29,0.0
2023-05-30 04:00:00+00:00,23.29,23.29,23.29,23.29,23.29,0.0
2023-05-31 04:00:00+00:00,27.54,27.54,27.54,27.54,27.54,100.0
2023-06-01 04:00:00+00:00,23.29,23.29,23.29,23.29,23.29,0.0
2023-06-02 04:00:00+00:00,23.29,23.29,23.29,23.29,23.29,0.0
2023-06-05 04:00:00+00:00,23.29,23.29,23.29,23.29,23.29,0.0
2023-06-06 04:00:00+00:00,23.29,23.29,23.29,23.29,23.29,0.0
2023-06-07 04:00:00+00:00,23.29,23.29,23.29,23.29,23.29,0.0
2023-06-08 04:00:00+00:00,23.29,23.29,23.29,23.29,23.29,0.0
2023-06-09 04:00:00+00:00,23.29,23.29,23.29,23.29,23.29,0.0
2023-06-12 04:00:00+00:00,23.29,23.29,23.29,23.29,23.29,0.0
2023-06-13 04:00:00+00:00,23.29,23.29,23.29,23.29,23.29,0.0
2023-06-14 04:00:00+00:00,23.29,23.29,23.29,23.29,23.29,0.0
2023-06-15 04:00:00+00:00,23.29,23.29,23.29,23.29,23.29,0.0
2023-06-16 04:00:00+00:00,23.29,23.29,23.29,23.29,23.29,0.0
2023-06-20 04:00:00+00:00,23.29,23.29,23.29,23.29,23.29,0.0
2023-06-21 04:00:00+00:00,23.29,23.29,23.29,23.29,23.29,0.0
2023-06-22 04:00:00+00:00,23.29,23.29,23.29,23.29,23.29,0.0
2023-06-23 04:00:00+00:00,23.29,23.29,23.29,23.29,23.29,0.0
2023-06-26 04:00:00+00:00,23.29,23.29,23.29,23.29,23.29,0.0
2023-06-27 04:00:00+00:00,23.29,23.29,23.29,23.29,23.29,0.0
2023-06-28 04:00:00+00:00,23.29,23.29,23.29,23.29,23.29,0.0
2023-06-29 04:00:00+00:00,23.29,23.29,23.29,23.29,23.29,0.0
2023-06-30 04:00:00+00:00,23.29,23.29,23.29,23.29,23.29,0.0
2023-07-03 04:00:00+00:00,23.29,23.29,23.29,23.29,23.29,0.0
2023-07-05 04:00:00+00:00,23.29,23.29,23.29,23.29,23.29,0.0
2023-07-06 04:00:00+00:00,23.29,23.29,23.29,23.29,23.29,0.0
2023-07-07 04:00:00+00:00,23.29,23.29,23.29,23.29,23.29,0.0
2023-07-10 04:00:00+00:00,23.29,23.29,23.29,23.29,23.29,0.0
2023-07-11 04:00:00+00:00,23.29,23.29,23.29,23.29,23.29,0.0
2023-07-12 04:00:00+00:00,23.29,23.29,23.29,23.29,23.29,0.0
2023-07-13 04:00:00+00:00,23.29,23.29,23.29,23.29,23.29,0.0
2023-07-14 04:00:00+00:00,23.29,23.29,23.29,23.29,23.29,0.0
2023-07-17 04:00:00+00:00,23.29,23.29,23.29,23.29,23.29,0.0
2023-07-18 04:00:00+00:00,23.29,23.29,23.29,23.29,23.29,0.0
2023-07-19 04:00:00+00:00,23.29,23.29,23.29,23.29,23.29,0.0
2023-07-20 04:00:00+00:00,23.29,23.29,23.29,23.29,23.29,0.0
2023-07-21 04:00:00+00:00,23.29,23.29,23.29,23.29,23.29,0.0
2023-07-24 04:00:00+00:00,23.29,23.29,23.29,23.29,23.29,0.0
2023-07-25 04:00:00+00:00,23.29,23.29,23.29,23.29,23.29,0.0
2023-07-26 04:00:00+00:00,23.29,23.29,23.29,23.29,23.29,0.0
2023-07-27 04:00:00+00:00,23.29,23.29,23.29,23.29,23.29,0.0
2023-07-28 04:00:00+00:00,23.29,23.29,23.29,23.29,23.29,0.0
2023-07-31 04:00:00+00:00,23.29,23.29,23.29,23.29,23.29,0.0
2023-08-01 04:00:00+00:00,23.29,23.29,23.29,23.29,23.29,0.0
2023-08-02 04:00:00+00:00,23.29,23.29,23.29,23.29,23.29,0.0
2023-08-03 04:00:00+00:00,23.29,23.29,23.29,23.29,23.29,0.0
2023-08-04 04:00:00+00:00,23.29,23.29,23.29,23.29,23.29,0.0
2023-08-07 04:00:00+00:00,23.29,23.29,23.29,23.29,23.29,0.0
2023-08-08 04:00:00+00:00,23.29,23.29,23.29,23.29,23.29,0.0
2023-08-09 04:00:00+00:00,23.29,23.29,23.29,23.29,23.29,0.0
2023-08-10 04:00:00+00:00,23.29,23.29,23.29,23.29,23.29,0.0
2023-08-11 04:00:00+00:00,23.29,23.29,23.29,23.29,23.29,0.0
2023-08-14 04:00:00+00:00,23.29,23.29,23.29,23.29,23.29,0.0
2023-08-15 04:00:00+00:00,23.29,23.29,23.29,23.29,23.29,0.0
2023-08-16 04:00:00+00:00,23.29,23.29,23.29,23.29,23.29,0.0
2023-08-17 04:00:00+00:00,23.29,23.29,23.29,23.29,23.29,0.0
2023-08-18 04:00:00+00:00,23.29,23.29,23.29,23.29,23.29,0.0
2023-08-21 04:00:00+00:00,23.29,23.29,23.29,23.29,23.29,0.0
2023-08-22 04:00:00+00:00,23.29,23.29,23.29,23.29,23.29,0.0
2023-08-23 04:00:00+00:00,23.29,23.29,23.29,23.29,23.29,0.0
2023-08-24 04:00:00+00:00,23.29,23.29,23.29,23.29,23.29,0.0
2023-08-25 04:00:00+00:00,23.29,23.29,23.29,23.29,23.29,0.0
2023-08-28 04:00:00+00:00,23.29,23.29,23.29,23.29,23.29,0.0
2023-08-29 04:00:00+00:00,23.29,23.29,23.29,23.29,23.29,0.0
2023-08-30 04:00:00+00:00,29.24,29.24,29.24,29.24,29.24,100.0
2023-08-31 04:00:00+00:00,29.24,29.24,29.24,29.24,29.24,0.0
2023-09-01 04:00:00+00:00,29.24,29.24,29.24,29.24,29.24,0.0
2023-09-05 04:00:00+00:00,29.24,29.24,29.24,29.24,29.24,0.0
2023-09-06 04:00:00+00:00,29.24,29.24,29.24,29.24,29.24,0.0
2023-09-07 04:00:00+00:00,29.24,29.24,29.24,29.24,29.24,0.0
2023-09-08 04:00:00+00:00,30.19,30.19,30.19,30.19,30.19,100.0
2023-09-11 04:00:00+00:00,30.19,30.19,30.19,30.19,30.19,0.0
2023-09-12 04:00:00+00:00,30.19,30.19,30.19,30.19,30.19,0.0
2023-09-13 04:00:00+00:00,30.19,30.19,30.19,30.19,30.19,0.0
2023-09-14 04:00:00+00:00,30.19,30.19,30.19,30.19,30.19,0.0
2023-09-15 04:00:00+00:00,30.19,30.19,30.19,30.19,30.19,0.0
2023-09-18 04:00:00+00:00,30.19,30.19,30.19,30.19,30.19,0.0
2023-09-19 04:00:00+00:00,30.19,30.19,30.19,30.19,30.19,0.0
2023-09-20 04:00:00+00:00,30.25,30.25,30.25,30.25,30.25,0.0
2023-09-21 04:00:00+00:00,30.25,30.25,30.25,30.25,30.25,0.0
2023-09-22 04:00:00+00:00,30.25,30.25,30.25,30.25,30.25,0.0
2023-09-25 04:00:00+00:00,30.25,30.25,30.25,30.25,30.25,0.0
2023-09-26 04:00:00+00:00,30.25,30.25,30.25,30.25,30.25,0.0
2023-09-27 04:00:00+00:00,30.25,30.25,30.25,30.25,30.25,0.0
2023-09-28 04:00:00+00:00,30.25,30.25,30.25,30.25,30.25,0.0
2023-09-29 04:00:00+00:00,30.25,30.25,30.25,30.25,30.25,0.0
2023-10-02 04:00:00+00:00,30.25,30.25,30.25,30.25,30.25,0.0
2023-10-03 04:00:00+00:00,30.25,30.25,30.25,30.25,30.25,0.0
2023-10-04 04:00:00+00:00,30.25,30.25,30.25,30.25,30.25,0.0
2023-10-05 04:00:00+00:00,30.25,30.25,30.25,30.25,30.25,0.0
2023-10-06 04:00:00+00:00,30.25,30.25,30.25,30.25,30.25,0.0
2023-10-09 04:00:00+00:00,30.25,30.25,30.25,30.25,30.25,0.0
2023-10-10 04:00:00+00:00,29.0,29.47,29.0,29.47,29.47,200.0
2023-10-11 04:00:00+00:00,29.47,29.47,29.47,29.47,29.47,0.0
2023-10-12 04:00:00+00:00,29.47,29.47,29.47,29.47,29.47,0.0
2023-10-13 04:00:00+00:00,29.47,29.47,29.47,29.47,29.47,0.0
2023-10-16 04:00:00+00:00,29.47,29.47,29.47,29.47,29.47,0.0
2023-10-17 04:00:00+00:00,29.47,29.47,29.47,29.47,29.47,0.0
2023-10-18 04:00:00+00:00,29.47,29.47,29.47,29.47,29.47,0.0
2023-10-19 04:00:00+00:00,29.47,29.47,29.47,29.47,29.47,0.0
2023-10-20 04:00:00+00:00,29.47,29.47,29.47,29.47,29.47,0.0
2023-10-23 04:00:00+00:00,29.47,29.47,29.47,29.47,29.47,0.0
2023-10-24 04:00:00+00:00,29.47,29.47,29.47,29.47,29.47,0.0
2023-10-25 04:00:00+00:00,29.47,29.47,29.47,29.47,29.47,0.0
2023-10-26 04:00:00+00:00,29.47,29.47,29.47,29.47,29.47,0.0
2023-10-27 04:00:00+00:00,29.47,29.47,29.47,29.47,29.47,0.0
2023-10-30 04:00:00+00:00,29.47,29.47,29.47,29.47,29.47,0.0
2023-10-31 04:00:00+00:00,29.47,29.47,29.47,29.47,29.47,0.0
2023-11-01 04:00:00+00:00,29.47,29.47,29.47,29.47,29.47,0.0
2023-11-02 04:00:00+00:00,29.47,29.47,29.47,29.47,29.47,0.0
2023-11-03 04:00:00+00:00,29.47,29.47,29.47,29.47,29.47,0.0
2023-11-06 05:00:00+00:00,29.47,29.47,29.47,29.47,29.47,0.0
2023-11-07 05:00:00+00:00,29.47,29.47,29.47,29.47,29.47,0.0
2023-11-08 05:00:00+00:00,29.47,29.47,29.47,29.47,29.47,0.0
2023-11-09 05:00:00+00:00,29.47,29.47,29.47,29.47,29.47,0.0
2023-11-10 05:00:00+00:00,29.47,29.47,29.47,29.47,29.47,0.0
2023-11-13 05:00:00+00:00,29.47,29.47,29.47,29.47,29.47,0.0
2023-11-14 05:00:00+00:00,29.47,29.47,29.47,29.47,29.47,0.0
2023-11-15 05:00:00+00:00,29.47,29.47,29.47,29.47,29.47,0.0
2023-11-16 05:00:00+00:00,29.47,29.47,29.47,29.47,29.47,0.0
2023-11-17 05:00:00+00:00,29.47,29.47,29.47,29.47,29.47,0.0
2023-11-20 05:00:00+00:00,29.47,29.47,29.47,29.47,29.47,0.0
2023-11-21 05:00:00+00:00,29.47,29.47,29.47,29.47,29.47,0.0
2023-11-22 05:00:00+00:00,29.47,29.47,29.47,29.47,29.47,0.0
2023-11-24 05:00:00+00:00,29.47,29.47,29.47,29.47,29.47,0.0
2023-11-27 05:00:00+00:00,29.47,29.47,29.47,29.47,29.47,0.0
2023-11-28 05:00:00+00:00,29.47,29.47,29.47,29.47,29.47,0.0
2023-11-29 05:00:00+00:00,29.47,29.47,29.47,29.47,29.47,0.0
2023-11-30 05:00:00+00:00,29.47,29.47,29.47,29.47,29.47,0.0
2023-12-01 05:00:00+00:00,29.47,29.47,29.47,29.47,29.47,0.0
2023-12-04 05:00:00+00:00,29.47,29.47,29.47,29.47,29.47,0.0
2023-12-05 05:00:00+00:00,29.47,29.47,29.47,29.47,29.47,0.0
2023-12-06 05:00:00+00:00,29.47,29.47,29.47,29.47,29.47,0.0
2023-12-07 05:00:00+00:00,29.47,29.47,29.47,29.47,29.47,0.0
2023-12-08 05:00:00+00:00,29.47,29.47,29.47,29.47,29.47,0.0
2023-12-11 05:00:00+00:00,29.47,29.47,29.47,29.47,29.47,0.0
2023-12-12 05:00:00+00:00,29.47,29.47,29.47,29.47,29.47,0.0
2023-12-13 05:00:00+00:00,29.47,29.47,29.47,29.47,29.47,0.0
2023-12-14 05:00:00+00:00,29.47,29.47,29.47,29.47,29.47,0.0
2023-12-15 05:00:00+00:00,29.47,29.47,29.47,29.47,29.47,0.0
2023-12-18 05:00:00+00:00,29.47,29.47,29.47,29.47,29.47,0.0
2023-12-19 05:00:00+00:00,29.47,29.47,29.47,29.47,29.47,0.0
2023-12-20 05:00:00+00:00,29.59,29.59,29.59,29.59,29.59,0.0
2023-12-21 05:00:00+00:00,29.59,29.59,29.59,29.59,29.59,0.0
2023-12-22 05:00:00+00:00,29.59,29.59,29.59,29.59,29.59,0.0
2023-12-26 05:00:00+00:00,29.59,29.59,29.59,29.59,29.59,0.0
2023-12-27 05:00:00+00:00,29.59,29.59,29.59,29.59,29.59,0.0
2023-12-28 05:00:00+00:00,29.59,29.59,29.59,29.59,29.59,0.0
2023-12-29 05:00:00+00:00,29.59,29.59,29.59,29.59,29.59,0.0
2024-01-02 05:00:00+00:00,29.59,29.59,29.59,29.59,29.59,0.0
2024-01-03 05:00:00+00:00,29.59,29.59,29.59,29.59,29.59,0.0
2024-01-04 05:00:00+00:00,29.59,29.59,29.59,29.59,29.59,0.0
2024-01-05 05:00:00+00:00,29.59,29.59,29.59,29.59,29.59,0.0
2024-01-08 05:00:00+00:00,29.59,29.59,29.59,29.59,29.59,0.0
2024-01-09 05:00:00+00:00,29.59,29.59,29.59,29.59,29.59,0.0
2024-01-10 05:00:00+00:00,29.59,29.59,29.59,29.59,29.59,0.0
2024-01-11 05:00:00+00:00,29.59,29.59,29.59,29.59,29.59,0.0
2024-01-12 05:00:00+00:00,29.59,29.59,29.59,29.59,29.59,0.0
2024-01-16 05:00:00+00:00,29.59,29.59,29.59,29.59,29.59,0.0
2024-01-17 05:00:00+00:00,29.59,29.59,29.59,29.59,29.59,0.0
2024-01-18 05:00:00+00:00,29.59,29.59,29.59,29.59,29.59,0.0
2024-01-19 05:00:00+00:00,29.59,29.59,29.59,29.59,29.59,0.0
2024-01-22 05:00:00+00:00,29.59,29.59,29.59,29.59,29.59,0.0
2024-01-23 05:00:00+00:00,29.59,29.59,29.59,29.59,29.59,0.0
2024-01-24 05:00:00+00:00,29.59,29.59,29.59,29.59,29.59,0.0
2024-01-25 05:00:00+00:00,29.59,29.59,29.59,29.59,29.59,0.0
2024-01-26 05:00:00+00:00,29.59,29.59,29.59,29.59,29.59,0.0
2024-01-29 05:00:00+00:00,42.32,42.32,42.32,42.32,42.32,100.0
2024-01-30 05:00:00+00:00,42.32,42.32,42.32,42.32,42.32,0.0
2024-01-31 05:00:00+00:00,40.79,40.79,40.79,40.79,40.79,100.0
2024-02-01 05:00:00+00:00,40.79,40.79,40.79,40.79,40.79,0.0
2024-02-02 05:00:00+00:00,41.46,41.66,41.46,41.66,41.66,300.0
2024-02-05 05:00:00+00:00,41.66,41.66,41.66,41.66,41.66,0.0
2024-02-06 05:00:00+00:00,41.66,41.66,41.66,41.66,41.66,0.0
2024-02-07 05:00:00+00:00,41.66,41.66,41.66,41.66,41.66,0.0
2024-02-08 05:00:00+00:00,41.66,41.66,41.66,41.66,41.66,0.0
2024-02-09 05:00:00+00:00,41.66,41.66,41.66,41.66,41.66,0.0
2024-02-12 05:00:00+00:00,45.37,45.37,45.37,45.37,45.37,345.0
2024-02-13 05:00:00+00:00,45.37,45.37,45.37,45.37,45.37,0.0
2024-02-14 05:00:00+00:00,43.92,43.92,43.92,43.92,43.92,191.0
2024-02-15 05:00:00+00:00,43.92,43.92,43.92,43.92,43.92,0.0
2024-02-16 05:00:00+00:00,43.92,43.92,43.92,43.92,43.92,0.0
2024-02-20 05:00:00+00:00,42.35,42.35,42.35,42.35,42.35,120.0
2024-02-21 05:00:00+00:00,42.35,42.35,42.35,42.35,42.35,0.0
2024-02-22 05:00:00+00:00,42.35,42.35,42.35,42.35,42.35,0.0
2024-02-23 05:00:00+00:00,42.35,42.35,42.35,42.35,42.35,0.0
2024-02-26 05:00:00+00:00,42.35,42.35,42.35,42.35,42.35,0.0
2024-02-27 05:00:00+00:00,42.35,42.35,42.35,42.35,42.35,0.0
2024-02-28 05:00:00+00:00,42.35,42.35,42.35,42.35,42.35,0.0
2024-02-29 05:00:00+00:00,42.35,42.35,42.35,42.35,42.35,0.0
2024-03-01 05:00:00+00:00,42.35,42.35,42.35,42.35,42.35,0.0
2024-03-04 05:00:00+00:00,42.35,42.35,42.35,42.35,42.35,0.0
2024-03-05 05:00:00+00:00,41.25,41.25,41.25,41.25,41.25,255.0
2024-03-06 05:00:00+00:00,41.25,41.25,41.25,41.25,41.25,0.0
2024-03-07 05:00:00+00:00,41.25,41.25,41.25,41.25,41.25,0.0
2024-03-08 05:00:00+00:00,41.25,41.25,41.25,41.25,41.25,0.0
2024-03-11 04:00:00+00:00,41.25,41.25,41.25,41.25,41.25,0.0
2024-03-12 04:00:00+00:00,41.25,41.25,41.25,41.25,41.25,0.0
2024-03-13 04:00:00+00:00,42.8,43.11,42.8,43.05,43.05,362.0
2024-03-14 04:00:00+00:00,41.84,41.84,41.69,41.69,41.69,245.0
2024-03-15 04:00:00+00:00,41.69,41.69,41.69,41.69,41.69,0.0
2024-03-18 04:00:00+00:00,41.69,41.69,41.69,41.69,41.69,0.0
2024-03-19 04:00:00+00:00,41.69,41.69,41.69,41.69,41.69,0.0
2024-03-20 04:00:00+00:00,41.83,41.83,41.83,41.83,41.83,0.0
2024-03-21 04:00:00+00:00,41.83,41.83,41.83,41.83,41.83,0.0
2024-03-22 04:00:00+00:00,41.83,41.83,41.83,41.83,41.83,0.0
2024-03-25 04:00:00+00:00,41.83,41.83,41.83,41.83,41.83,0.0
2024-03-26 04:00:00+00:00,41.83,41.83,41.83,41.83,41.83,0.0
2024-03-27 04:00:00+00:00,41.83,41.83,41.83,41.83,41.83,0.0
2024-03-28 04:00:00+00:00,41.83,41.83,41.83,41.83,41.83,0.0
2024-04-01 04:00:00+00:00,39.66,39.66,39.66,39.66,39.66,100.0
2024-04-02 04:00:00+00:00,39.66,39.66,39.66,39.66,39.66,0.0
2024-04-03 04:00:00+00:00,39.66,39.66,39.66,39.66,39.66,0.0
2024-04-04 04:00:00+00:00,39.66,39.66,39.66,39.66,39.66,0.0
2024-04-05 04:00:00+00:00,39.66,39.66,39.66,39.66,39.66,0.0
2024-04-08 04:00:00+00:00,39.66,39.66,39.66,39.66,39.66,0.0
2024-04-09 04:00:00+00:00,39.66,39.66,39.66,39.66,39.66,0.0
2024-04-10 04:00:00+00:00,39.66,39.66,39.66,39.66,39.66,0.0
2024-04-11 04:00:00+00:00,39.66,39.66,39.66,39.66,39.66,0.0
2024-04-12 04:00:00+00:00,39.66,39.66,39.66,39.66,39.66,0.0
2024-04-15 04:00:00+00:00,39.66,39.66,39.66,39.66,39.66,0.0
2024-04-16 04:00:00+00:00,39.66,39.66,39.66,39.66,39.66,0.0
2024-04-17 04:00:00+00:00,39.66,39.66,39.66,39.66,39.66,0.0
2024-04-18 04:00:00+00:00,39.66,39.66,39.66,39.66,39.66,0.0
2024-04-19 04:00:00+00:00,39.66,39.66,39.66,39.66,39.66,0.0
2024-04-22 04:00:00+00:00,39.66,39.66,39.66,39.66,39.66,0.0
2024-04-23 04:00:00+00:00,39.66,39.66,39.66,39.66,39.66,0.0
2024-04-24 04:00:00+00:00,39.66,39.66,39.66,39.66,39.66,0.0
2024-04-25 04:00:00+00:00,39.66,39.66,39.66,39.66,39.66,0.0
2024-04-26 04:00:00+00:00,39.66,39.66,39.66,39.66,39.66,0.0
2024-04-29 04:00:00+00:00,39.66,39.66,39.66,39.66,39.66,0.0
2024-04-30 04:00:00+00:00,39.66,39.66,39.66,39.66,39.66,0.0
2024-05-01 04:00:00+00:00,39.66,39.66,39.66,39.66,39.66,0.0
2024-05-02 04:00:00+00:00,39.66,39.66,39.66,39.66,39.66,0.0
2024-05-03 04:00:00+00:00,39.66,39.66,39.66,39.66,39.66,0.0
2024-05-06 04:00:00+00:00,39.66,39.66,39.66,39.66,39.66,0.0
2024-05-07 04:00:00+00:00,39.66,39.66,39.66,39.66,39.66,0.0
2024-05-08 04:00:00+00:00,39.66,39.66,39.66,39.66,39.66,0.0
2024-05-09 04:00:00+00:00,39.66,39.66,39.66,39.66,39.66,0.0
2024-05-10 04:00:00+00:00,39.66,39.66,39.66,39.66,39.66,0.0
2024-05-13 04:00:00+00:00,39.66,39.66,39.66,39.66,39.66,0.0
2024-05-14 04:00:00+00:00,39.66,39.66,39.66,39.66,39.66,0.0
2024-05-15 04:00:00+00:00,39.62,39.62,39.62,39.62,39.62,200.0
2024-05-16 04:00:00+00:00,39.88,39.88,39.88,39.88,39.88,100.0
2024-05-17 04:00:00+00:00,39.88,39.88,39.88,39.88,39.88,0.0
2024-05-20 04:00:00+00:00,39.88,39.88,39.88,39.88,39.88,0.0
2024-05-21 04:00:00+00:00,39.88,39.88,39.88,39.88,39.88,0.0
2024-05-22 04:00:00+00:00,39.88,39.88,39.88,39.88,39.88,0.0
2024-05-23 04:00:00+00:00,39.88,39.88,39.88,39.88,39.88,0.0
2024-05-24 04:00:00+00:00,39.88,39.88,39.88,39.88,39.88,0.0
2024-05-28 04:00:00+00:00,38.08,38.12,38.08,38.12,38.12,200.0
2024-05-29 04:00:00+00:00,38.12,38.12,38.12,38.12,38.12,0.0
2024-05-30 04:00:00+00:00,38.12,38.12,38.12,38.12,38.12,0.0
2024-05-31 04:00:00+00:00,38.12,38.12,38.12,38.12,38.12,0.0
2024-06-03 04:00:00+00:00,38.12,38.12,38.12,38.12,38.12,0.0
2024-06-04 04:00:00+00:00,38.12,38.12,38.12,38.12,38.12,0.0
2024-06-05 04:00:00+00:00,38.12,38.12,38.12,38.12,38.12,0.0
2024-06-06 04:00:00+00:00,38.12,38.12,38.12,38.12,38.12,0.0
2024-06-07 04:00:00+00:00,38.12,38.12,38.12,38.12,38.12,0.0
2024-06-10 04:00:00+00:00,38.12,38.12,38.12,38.12,38.12,0.0
2024-06-11 04:00:00+00:00,38.12,38.12,38.12,38.12,38.12,0.0
2024-06-12 04:00:00+00:00,38.12,38.12,38.12,38.12,38.12,0.0
2024-06-13 04:00:00+00:00,38.12,38.12,38.12,38.12,38.12,0.0
2024-06-14 04:00:00+00:00,38.12,38.12,38.12,38.12,38.12,0.0
2024-06-17 04:00:00+00:00,38.12,38.12,38.12,38.12,38.12,0.0
2024-06-18 04:00:00+00:00,38.12,38.12,38.12,38.12,38.12,0.0
2024-06-20 04:00:00+00:00,38.12,38.12,38.12,38.12,38.12,0.0
2024-06-21 04:00:00+00:00,38.12,38.12,38.12,38.12,38.12,0.0
2024-06-24 04:00:00+00:00,38.12,38.12,38.12,38.12,38.12,0.0
2024-06-25 04:00:00+00:00,38.12,38.12,38.12,38.12,38.12,0.0
2024-06-26 04:00:00+00:00,38.42,38.42,38.42,38.42,38.42,0.0
2024-06-27 04:00:00+00:00,38.42,38.42,38.42,38.42,38.42,0.0
2024-06-28 04:00:00+00:00,38.42,38.42,38.42,38.42,38.42,0.0
2024-07-01 04:00:00+00:00,38.42,38.42,38.42,38.42,38.42,0.0
2024-07-02 04:00:00+00:00,38.42,38.42,38.42,38.42,38.42,0.0
2024-07-03 04:00:00+00:00,38.42,38.42,38.42,38.42,38.42,0.0
2024-07-05 04:00:00+00:00,38.42,38.42,38.42,38.42,38.42,0.0
2024-07-08 04:00:00+00:00,38.42,38.42,38.42,38.42,38.42,0.0
2024-07-09 04:00:00+00:00,38.42,38.42,38.42,38.42,38.42,0.0
2024-07-10 04:00:00+00:00,38.42,38.42,38.42,38.42,38.42,0.0
2024-07-11 04:00:00+00:00,40.81,40.81,40.81,40.81,40.81,150.0
2024-07-12 04:00:00+00:00,40.81,40.81,40.81,40.81,40.81,0.0
2024-07-15 04:00:00+00:00,40.81,40.81,40.81,40.81,40.81,0.0
2024-07-16 04:00:00+00:00,40.81,40.81,40.81,40.81,40.81,0.0
2024-07-17 04:00:00+00:00,41.27,41.27,41.27,41.27,41.27,100.0
2024-07-18 04:00:00+00:00,41.27,41.27,41.27,41.27,41.27,0.0
2024-07-19 04:00:00+00:00,39.03,39.03,39.03,39.03,39.03,100.0
2024-07-22 04:00:00+00:00,39.03,39.03,39.03,39.03,39.03,0.0
2024-07-23 04:00:00+00:00,39.03,39.03,39.03,39.03,39.03,0.0
2024-07-24 04:00:00+00:00,39.03,39.03,39.03,39.03,39.03,0.0
2024-07-25 04:00:00+00:00,39.03,39.03,39.03,39.03,39.03,0.0
2024-07-26 04:00:00+00:00,39.03,39.03,39.03,39.03,39.03,0.0
2024-07-29 04:00:00+00:00,39.03,39.03,39.03,39.03,39.03,0.0
2024-07-30 04:00:00+00:00,39.03,39.03,39.03,39.03,39.03,0.0
2024-07-31 04:00:00+00:00,39.03,39.03,39.03,39.03,39.03,0.0
2024-08-01 04:00:00+00:00,39.03,39.03,39.03,39.03,39.03,0.0
2024-08-02 04:00:00+00:00,39.03,39.03,39.03,39.03,39.03,0.0
2024-08-05 04:00:00+00:00,39.03,39.03,39.03,39.03,39.03,0.0
2024-08-06 04:00:00+00:00,39.03,39.03,39.03,39.03,39.03,0.0
2024-08-07 04:00:00+00:00,39.03,39.03,39.03,39.03,39.03,0.0
2024-08-08 04:00:00+00:00,39.03,39.03,39.03,39.03,39.03,0.0
2024-08-09 04:00:00+00:00,39.03,39.03,39.03,39.03,39.03,0.0
2024-08-12 04:00:00+00:00,39.03,39.03,39.03,39.03,39.03,0.0
2024-08-13 04:00:00+00:00,39.03,39.03,39.03,39.03,39.03,0.0
2024-08-14 04:00:00+00:00,39.03,39.03,39.03,39.03,39.03,0.0
2024-08-15 04:00:00+00:00,39.03,39.03,39.03,39.03,39.03,0.0
2024-08-16 04:00:00+00:00,39.03,39.03,39.03,39.03,39.03,0.0
2024-08-19 04:00:00+00:00,39.03,39.03,39.03,39.03,39.03,0.0
2024-08-20 04:00:00+00:00,39.03,39.03,39.03,39.03,39.03,0.0
2024-08-21 04:00:00+00:00,39.03,39.03,39.03,39.03,39.03,0.0
2024-08-22 04:00:00+00:00,39.03,39.03,39.03,39.03,39.03,0.0
2024-08-23 04:00:00+00:00,39.03,39.03,39.03,39.03,39.03,0.0
2024-08-26 04:00:00+00:00,39.03,39.03,39.03,39.03,39.03,0.0
2024-08-27 04:00:00+00:00,39.03,39.03,39.03,39.03,39.03,0.0
2024-08-28 04:00:00+00:00,39.03,39.03,39.03,39.03,39.03,0.0
2024-08-29 04:00:00+00:00,39.03,39.03,39.03,39.03,39.03,0.0
2024-08-30 04:00:00+00:00,39.03,39.03,39.03,39.03,39.03,0.0
2024-09-03 04:00:00+00:00,39.03,39.03,39.03,39.03,39.03,0.0
2024-09-04 04:00:00+00:00,39.03,39.03,39.03,39.03,39.03,0.0
2024-09-05 04:00:00+00:00,39.03,39.03,39.03,39.03,39.03,0.0
2024-09-06 04:00:00+00:00,39.03,39.03,39.03,39.03,39.03,0.0
2024-09-09 04:00:00+00:00,39.03,39.03,39.03,39.03,39.03,0.0
2024-09-10 04:00:00+00:00,39.03,39.03,39.03,39.03,39.03,0.0
2024-09-11 04:00:00+00:00,39.03,39.03,39.03,39.03,39.03,0.0
2024-09-12 04:00:00+00:00,39.03,39.03,39.03,39.03,39.03,0.0
2024-09-13 04:00:00+00:00,39.03,39.03,39.03,39.03,39.03,0.0
2024-09-16 04:00:00+00:00,39.03,39.03,39.03,39.03,39.03,0.0
2024-09-17 04:00:00+00:00,39.03,39.03,39.03,39.03,39.03,0.0
2024-09-18 04:00:00+00:00,39.03,39.03,39.03,39.03,39.03,0.0
2024-09-19 04:00:00+00:00,39.03,39.03,39.03,39.03,39.03,0.0
2024-09-20 04:00:00+00:00,39.03,39.03,39.03,39.03,39.03,0.0
2024-09-23 04:00:00+00:00,39.03,39.03,39.03,39.03,39.03,0.0
2024-09-24 04:00:00+00:00,39.03,39.03,39.03,39.03,39.03,0.0
2024-09-25 04:00:00+00:00,39.27,39.27,39.27,39.27,39.27,0.0
2024-09-26 04:00:00+00:00,39.27,39.27,39.27,39.27,39.27,0.0
2024-09-27 04:00:00+00:00,39.27,39.27,39.27,39.27,39.27,0.0
2024-09-30 04:00:00+00:00,39.27,39.27,39.27,39.27,39.27,0.0
2024-10-01 04:00:00+00:00,39.27,39.27,39.27,39.27,39.27,0.0
2024-10-02 04:00:00+00:00,39.27,39.27,39.27,39.27,39.27,0.0
2024-10-03 04:00:00+00:00,39.27,39.27,39.27,39.27,39.27,0.0
2024-10-04 04:00:00+00:00,39.27,39.27,39.27,39.27,39.27,0.0
2024-10-07 04:00:00+00:00,39.27,39.27,39.27,39.27,39.27,0.0
2024-10-08 04:00:00+00:00,39.27,39.27,39.27,39.27,39.27,0.0
2024-10-09 04:00:00+00:00,39.27,39.27,39.27,39.27,39.27,0.0
2024-10-10 04:00:00+00:00,46.63,46.63,46.63,46.63,46.63,196.0
2024-10-11 04:00:00+00:00,46.63,46.63,46.63,46.63,46.63,0.0
2024-10-14 04:00:00+00:00,46.63,46.63,46.63,46.63,46.63,0.0
2024-10-15 04:00:00+00:00,46.63,46.63,46.63,46.63,46.63,0.0
2024-10-16 04:00:00+00:00,46.63,46.63,46.63,46.63,46.63,0.0
2024-10-17 04:00:00+00:00,46.63,46.63,46.63,46.63,46.63,0.0
2024-10-18 04:00:00+00:00,46.63,46.63,46.63,46.63,46.63,0.0
2024-10-21 04:00:00+00:00,46.63,46.63,46.63,46.63,46.63,0.0
2024-10-22 04:00:00+00:00,46.63,46.63,46.63,46.63,46.63,0.0
2024-10-23 04:00:00+00:00,46.63,46.63,46.63,46.63,46.63,0.0
2024-10-24 04:00:00+00:00,46.63,46.63,46.63,46.63,46.63,0.0
2024-10-25 04:00:00+00:00,46.63,46.63,46.63,46.63,46.63,0.0
2024-10-28 04:00:00+00:00,46.63,46.63,46.63,46.63,46.63,0.0
2024-10-29 04:00:00+00:00,46.63,46.63,46.63,46.63,46.63,0.0
2024-10-30 04:00:00+00:00,46.63,46.63,46.63,46.63,46.63,0.0
2024-10-31 04:00:00+00:00,46.63,46.63,46.63,46.63,46.63,0.0
2024-11-01 04:00:00+00:00,46.63,46.63,46.63,46.63,46.63,0.0
2024-11-04 05:00:00+00:00,46.63,46.63,46.63,46.63,46.63,0.0
2024-11-05 05:00:00+00:00,46.63,46.63,46.63,46.63,46.63,0.0
2024-11-06 05:00:00+00:00,46.63,46.63,46.63,46.63,46.63,0.0
2024-11-07 05:00:00+00:00,46.63,46.63,46.63,46.63,46.63,0.0
2024-11-08 05:00:00+00:00,46.63,46.63,46.63,46.63,46.63,0.0
2024-11-11 05:00:00+00:00,46.63,46.63,46.63,46.63,46.63,0.0
2024-11-12 05:00:00+00:00,46.63,46.63,46.63,46.63,46.63,0.0
2024-11-13 05:00:00+00:00,46.63,46.63,46.63,46.63,46.63,0.0
2024-11-14 05:00:00+00:00,46.63,46.63,46.63,46.63,46.63,0.0
2024-11-15 05:00:00+00:00,46.63,46.63,46.63,46.63,46.63,0.0
2024-11-18 05:00:00+00:00,46.63,46.63,46.63,46.63,46.63,0.0
2024-11-19 05:00:00+00:00,46.63,46.63,46.63,46.63,46.63,0.0
2024-11-20 05:00:00+00:00,46.63,46.63,46.63,46.63,46.63,0.0
2024-11-21 05:00:00+00:00,46.63,46.63,46.63,46.63,46.63,0.0
2024-11-22 05:00:00+00:00,46.63,46.63,46.63,46.63,46.63,0.0
2024-11-25 05:00:00+00:00,46.63,46.63,46.63,46.63,46.63,0.0
2024-11-26 05:00:00+00:00,46.63,46.63,46.63,46.63,46.63,0.0
2024-11-27 05:00:00+00:00,46.63,46.63,46.63,46.63,46.63,0.0
2024-11-29 05:00:00+00:00,46.63,46.63,46.63,46.63,46.63,0.0
2024-12-02 05:00:00+00:00,46.63,46.63,46.63,46.63,46.63,0.0
2024-12-03 05:00:00+00:00,46.63,46.63,46.63,46.63,46.63,0.0
2024-12-04 05:00:00+00:00,46.63,46.63,46.63,46.63,46.63,0.0
2024-12-05 05:00:00+00:00,50.43,50.43,50.43,50.43,50.43,100.0
2024-12-06 05:00:00+00:00,50.96,50.96,50.96,50.96,50.96,100.0
2024-12-09 05:00:00+00:00,50.96,50.96,50.96,50.96,50.96,0.0
2024-12-10 05:00:00+00:00,50.96,50.96,50.96,50.96,50.96,0.0
2024-12-11 05:00:00+00:00,50.96,50.96,50.96,50.96,50.96,0.0
2024-12-12 05:00:00+00:00,50.96,50.96,50.96,50.96,50.96,0.0
2024-12-13 05:00:00+00:00,50.96,50.96,50.96,50.96,50.96,0.0
2024-12-16 05:00:00+00:00,50.96,50.96,50.96,50.96,50.96,0.0
2024-12-17 05:00:00+00:00,51.95,51.95,51.95,51.95,51.95,100.0
2024-12-18 05:00:00+00:00,51.95,51.95,51.95,51.95,51.95,0.0
2024-12-19 05:00:00+00:00,51.95,51.95,51.95,51.95,51.95,0.0
2024-12-20 05:00:00+00:00,51.95,51.95,51.95,51.95,51.95,0.0
2024-12-23 05:00:00+00:00,52.32,52.32,52.32,52.32,52.32,0.0
2024-12-24 05:00:00+00:00,52.32,52.32,52.32,52.32,52.32,0.0
2024-12-26 05:00:00+00:00,52.32,52.32,52.32,52.32,52.32,0.0
2024-12-27 05:00:00+00:00,52.32,52.32,52.32,52.32,52.32,0.0
2024-12-30 05:00:00+00:00,52.32,52.32,52.32,52.32,52.32,0.0
2024-12-31 05:00:00+00:00,52.32,52.32,52.32,52.32,52.32,0.0
2025-01-02 05:00:00+00:00,52.32,52.32,52.32,52.32,52.32,0.0
2025-01-03 05:00:00+00:00,52.32,52.32,52.32,52.32,52.32,0.0
2025-01-06 05:00:00+00:00,52.32,52.32,52.32,52.32,52.32,0.0
2025-01-07 05:00:00+00:00,52.32,52.32,52.32,52.32,52.32,0.0
2025-01-08 05:00:00+00:00,52.32,52.32,52.32,52.32,52.32,0.0
2025-01-10 05:00:00+00:00,52.32,52.32,52.32,52.32,52.32,0.0
2025-01-13 05:00:00+00:00,52.32,52.32,52.32,52.32,52.32,0.0
2025-01-14 05:00:00+00:00,52.32,52.32,52.32,52.32,52.32,0.0
2025-01-15 05:00:00+00:00,52.32,52.32,52.32,52.32,52.32,0.0
2025-01-16 05:00:00+00:00,52.32,52.32,52.32,52.32,52.32,0.0
2025-01-17 05:00:00+00:00,52.32,52.32,52.32,52.32,52.32,0.0
2025-01-21 05:00:00+00:00,52.32,52.32,52.32,52.32,52.32,0.0
2025-01-22 05:00:00+00:00,52.32,52.32,52.32,52.32,52.32,0.0
2025-01-23 05:00:00+00:00,52.32,52.32,52.32,52.32,52.32,0.0
2025-01-24 05:00:00+00:00,52.32,52.32,52.32,52.32,52.32,0.0
2025-01-27 05:00:00+00:00,52.32,52.32,52.32,52.32,52.32,0.0
2025-01-28 05:00:00+00:00,52.68,52.91,52.68,52.91,52.91,294.0
2025-01-29 05:00:00+00:00,52.32,52.32,52.32,52.32,52.32,100.0
2025-01-30 05:00:00+00:00,53.61,53.61,53.61,53.61,53.61,100.0
2025-01-31 05:00:00+00:00,53.61,53.61,53.61,53.61,53.61,0.0
2025-02-03 05:00:00+00:00,53.61,53.61,53.61,53.61,53.61,0.0
2025-02-04 05:00:00+00:00,53.61,53.61,53.61,53.61,53.61,0.0
2025-02-05 05:00:00+00:00,55.85,55.85,55.85,55.85,55.85,100.0
2025-02-06 05:00:00+00:00,55.85,55.85,55.85,55.85,55.85,0.0
2025-02-07 05:00:00+00:00,55.85,55.85,55.85,55.85,55.85,0.0
2025-02-10 05:00:00+00:00,58.41,58.41,58.41,58.41,58.41,142.0
2025-02-11 05:00:00+00:00,58.41,58.41,58.41,58.41,58.41,0.0
2025-02-12 05:00:00+00:00,58.41,58.41,58.41,58.41,58.41,0.0
2025-02-13 05:00:00+00:00,58.41,58.41,58.41,58.41,58.41,0.0
2025-02-14 05:00:00+00:00,58.41,58.41,58.41,58.41,58.41,0.0
2025-02-18 05:00:00+00:00,58.41,58.41,58.41,58.41,58.41,0.0
2025-02-19 05:00:00+00:00,58.41,58.41,58.41,58.41,58.41,0.0
2025-02-20 05:00:00+00:00,56.7,56.7,56.7,56.7,56.7,100.0
2025-02-21 05:00:00+00:00,56.7,56.7,56.7,56.7,56.7,0.0
2025-02-24 05:00:00+00:00,56.7,56.7,56.7,56.7,56.7,0.0
2025-02-25 05:00:00+00:00,51.22,51.22,51.22,51.22,51.22,100.0
2025-02-26 05:00:00+00:00,51.22,51.22,51.22,51.22,51.22,0.0
2025-02-27 05:00:00+00:00,51.22,51.22,51.22,51.22,51.22,0.0
2025-02-28 05:00:00+00:00,51.22,51.22,51.22,51.22,51.22,0.0
2025-03-03 05:00:00+00:00,51.22,51.22,51.22,51.22,51.22,0.0
2025-03-04 05:00:00+00:00,51.22,51.22,51.22,51.22,51.22,0.0
2025-03-05 05:00:00+00:00,51.22,51.22,51.22,51.22,51.22,0.0
2025-03-06 05:00:00+00:00,51.22,51.22,51.22,51.22,51.22,0.0
2025-03-07 05:00:00+00:00,51.22,51.22,51.22,51.22,51.22,0.0
2025-03-10 04:00:00+00:00,51.22,51.22,51.22,51.22,51.22,0.0
2025-03-11 04:00:00+00:00,51.22,51.22,51.22,51.22,51.22,0.0
2025-03-12 04:00:00+00:00,51.22,51.22,51.22,51.22,51.22,0.0
2025-03-13 04:00:00+00:00,51.22,51.22,51.22,51.22,51.22,0.0
2025-03-14 04:00:00+00:00,51.22,51.22,51.22,51.22,51.22,0.0
2025-03-17 04:00:00+00:00,51.22,51.22,51.22,51.22,51.22,0.0
2025-03-18 04:00:00+00:00,51.22,51.22,51.22,51.22,51.22,0.0
2025-03-19 04:00:00+00:00,51.22,51.22,51.22,51.22,51.22,0.0
2025-03-20 04:00:00+00:00,51.22,51.22,51.22,51.22,51.22,0.0
2025-03-21 04:00:00+00:00,51.22,51.22,51.22,51.22,51.22,0.0
2025-03-24 04:00:00+00:00,51.22,51.22,51.22,51.22,51.22,0.0
2025-03-25 04:00:00+00:00,51.22,51.22,51.22,51.22,51.22,0.0
2025-03-26 04:00:00+00:00,51.37,51.37,51.37,51.37,51.37,0.0
2025-03-27 04:00:00+00:00,51.37,51.37,51.37,51.37,51.37,0.0
2025-03-28 04:00:00+00:00,51.37,51.37,51.37,51.37,51.37,0.0
2025-03-31 04:00:00+00:00,51.37,51.37,51.37,51.37,51.37,0.0
2025-04-01 04:00:00+00:00,51.37,51.37,51.37,51.37,51.37,0.0
2025-04-02 04:00:00+00:00,51.37,51.37,51.37,51.37,51.37,0.0
2025-04-03 04:00:00+00:00,51.37,51.37,51.37,51.37,51.37,0.0
